201 psinorm ne(10^20/m^3) dne/dpsiN
 0.000000   0.779990   -0.415556
 0.005000   0.777913   -0.415434
 0.010000   0.775836   -0.415068
 0.015000   0.773762   -0.414459
 0.020000   0.771692   -0.413606
 0.025000   0.769627   -0.412508
 0.030000   0.767567   -0.411167
 0.035000   0.765515   -0.409583
 0.040000   0.763472   -0.407754
 0.045000   0.761438   -0.405682
 0.050000   0.759416   -0.403365
 0.055000   0.757405   -0.400805
 0.060000   0.755408   -0.398002
 0.065000   0.753425   -0.394954
 0.070000   0.751459   -0.391663
 0.075000   0.749509   -0.388127
 0.080000   0.747578   -0.384348
 0.085000   0.745666   -0.380325
 0.090000   0.743775   -0.376059
 0.095000   0.741906   -0.371548
 0.100000   0.740060   -0.366794
 0.105000   0.738237   -0.362546
 0.110000   0.736432   -0.359556
 0.115000   0.734640   -0.357824
 0.120000   0.732852   -0.357348
 0.125000   0.731064   -0.358131
 0.130000   0.729269   -0.360171
 0.135000   0.727460   -0.363468
 0.140000   0.725632   -0.368023
 0.145000   0.723778   -0.373835
 0.150000   0.721892   -0.380905
 0.155000   0.719967   -0.389232
 0.160000   0.717997   -0.398816
 0.165000   0.715976   -0.409658
 0.170000   0.713898   -0.421758
 0.175000   0.711757   -0.435115
 0.180000   0.709545   -0.449729
 0.185000   0.707257   -0.465601
 0.190000   0.704887   -0.482731
 0.195000   0.702428   -0.501118
 0.200000   0.699874   -0.520762
 0.205000   0.697221   -0.540086
 0.210000   0.694476   -0.557514
 0.215000   0.691649   -0.573044
 0.220000   0.688749   -0.586678
 0.225000   0.685785   -0.598414
 0.230000   0.682768   -0.608253
 0.235000   0.679706   -0.616196
 0.240000   0.676609   -0.622241
 0.245000   0.673487   -0.626389
 0.250000   0.670348   -0.628640
 0.255000   0.667203   -0.628994
 0.260000   0.664062   -0.627451
 0.265000   0.660932   -0.624011
 0.270000   0.657825   -0.618674
 0.275000   0.654749   -0.611440
 0.280000   0.651713   -0.602309
 0.285000   0.648729   -0.591281
 0.290000   0.645804   -0.578355
 0.295000   0.642948   -0.563533
 0.300000   0.640172   -0.546814
 0.305000   0.637480   -0.530342
 0.310000   0.634864   -0.516262
 0.315000   0.632313   -0.504573
 0.320000   0.629814   -0.495277
 0.325000   0.627356   -0.488372
 0.330000   0.624927   -0.483859
 0.335000   0.622514   -0.481737
 0.340000   0.620105   -0.482008
 0.345000   0.617690   -0.484670
 0.350000   0.615255   -0.489724
 0.355000   0.612788   -0.497170
 0.360000   0.610282   -0.504881
 0.365000   0.607744   -0.509953
 0.370000   0.605187   -0.512370
 0.375000   0.602625   -0.512131
 0.380000   0.600070   -0.509237
 0.385000   0.597537   -0.503687
 0.390000   0.595037   -0.495987
 0.395000   0.592577   -0.488313
 0.400000   0.590154   -0.480915
 0.405000   0.587767   -0.473795
 0.410000   0.585415   -0.466952
 0.415000   0.583097   -0.460386
 0.420000   0.580811   -0.454097
 0.425000   0.578555   -0.448259
 0.430000   0.576327   -0.443119
 0.435000   0.574123   -0.438681
 0.440000   0.571939   -0.434943
 0.445000   0.569772   -0.431907
 0.450000   0.567619   -0.429572
 0.455000   0.565476   -0.427938
 0.460000   0.563338   -0.427396
 0.465000   0.561198   -0.428886
 0.470000   0.559046   -0.432448
 0.475000   0.556870   -0.438082
 0.480000   0.554661   -0.445788
 0.485000   0.552409   -0.455567
 0.490000   0.550102   -0.467418
 0.495000   0.547732   -0.480235
 0.500000   0.545305   -0.490212
 0.505000   0.542836   -0.497029
 0.510000   0.540340   -0.500686
 0.515000   0.537834   -0.501184
 0.520000   0.535333   -0.498522
 0.525000   0.532854   -0.492774
 0.530000   0.530408   -0.485446
 0.535000   0.528001   -0.477136
 0.540000   0.525638   -0.467843
 0.545000   0.523324   -0.457569
 0.550000   0.521064   -0.446312
 0.555000   0.518863   -0.434073
 0.560000   0.516725   -0.421214
 0.565000   0.514649   -0.409413
 0.570000   0.512629   -0.398881
 0.575000   0.510658   -0.389618
 0.580000   0.508730   -0.381626
 0.585000   0.506839   -0.374902
 0.590000   0.504979   -0.369448
 0.595000   0.503143   -0.365264
 0.600000   0.501325   -0.362164
 0.605000   0.499520   -0.359757
 0.610000   0.497726   -0.358027
 0.615000   0.495939   -0.356977
 0.620000   0.494155   -0.356604
 0.625000   0.492372   -0.356910
 0.630000   0.490585   -0.357894
 0.635000   0.488791   -0.359557
 0.640000   0.486989   -0.361466
 0.645000   0.485179   -0.362059
 0.650000   0.483370   -0.361195
 0.655000   0.481570   -0.358876
 0.660000   0.479784   -0.355100
 0.665000   0.478021   -0.349869
 0.670000   0.476288   -0.343181
 0.675000   0.474592   -0.335036
 0.680000   0.472940   -0.325726
 0.685000   0.471332   -0.317784
 0.690000   0.469759   -0.311798
 0.695000   0.468210   -0.307769
 0.700000   0.466678   -0.305697
 0.705000   0.465150   -0.305581
 0.710000   0.463619   -0.307422
 0.715000   0.462073   -0.311219
 0.720000   0.460503   -0.316974
 0.725000   0.458900   -0.324636
 0.730000   0.457255   -0.333486
 0.735000   0.455563   -0.343283
 0.740000   0.453820   -0.354025
 0.745000   0.452022   -0.365715
 0.750000   0.450162   -0.378350
 0.755000   0.448236   -0.391932
 0.760000   0.446241   -0.406460
 0.765000   0.444170   -0.421883
 0.770000   0.442024   -0.436243
 0.775000   0.439811   -0.448543
 0.780000   0.437542   -0.458785
 0.785000   0.435227   -0.466967
 0.790000   0.432876   -0.473089
 0.795000   0.430499   -0.477153
 0.800000   0.428107   -0.479628
 0.805000   0.425702   -0.482463
 0.810000   0.423282   -0.485872
 0.815000   0.420843   -0.489855
 0.820000   0.418382   -0.494413
 0.825000   0.415898   -0.499544
 0.830000   0.413386   -0.505242
 0.835000   0.410844   -0.511351
 0.840000   0.408272   -0.517804
 0.845000   0.405666   -0.524603
 0.850000   0.403025   -0.531747
 0.855000   0.400348   -0.539235
 0.860000   0.397632   -0.546738
 0.865000   0.394892   -0.547728
 0.870000   0.392170   -0.539675
 0.875000   0.389511   -0.522578
 0.880000   0.386959   -0.496437
 0.885000   0.384554   -0.470052
 0.890000   0.382165   -0.495643
 0.895000   0.379497   -0.581821
 0.900000   0.376246   -0.728586
 0.905000   0.372110   -0.935936
 0.910000   0.366755   -1.228352
 0.915000   0.359584   -1.664384
 0.920000   0.349867   -2.246572
 0.925000   0.336887   -2.955985
 0.930000   0.320403   -3.617342
 0.935000   0.301218   -3.984364
 0.940000   0.281410   -3.845724
 0.945000   0.263497   -3.288549
 0.950000   0.248553   -2.697243
 0.955000   0.236198   -2.285147
 0.960000   0.225299   -2.114013
 0.965000   0.214726   -2.144687
 0.970000   0.203570   -2.338406
 0.975000   0.191217   -2.612633
 0.980000   0.177365   -2.926329
 0.985000   0.162190   -3.094551
 0.990000   0.147203   -2.807955
 0.995000   0.134601   -2.223875
 1.000000   0.124889   -1.670625
201 psinorm te(KeV) dte/dpsiN
 0.000000   2.800067   -0.554664
 0.005000   2.797292   -0.555502
 0.010000   2.794509   -0.558015
 0.015000   2.791709   -0.562202
 0.020000   2.788884   -0.568065
 0.025000   2.786026   -0.575603
 0.030000   2.783126   -0.584816
 0.035000   2.780175   -0.595704
 0.040000   2.777166   -0.608267
 0.045000   2.774089   -0.622506
 0.050000   2.770938   -0.638419
 0.055000   2.767703   -0.656008
 0.060000   2.764375   -0.675271
 0.065000   2.760947   -0.696210
 0.070000   2.757410   -0.718824
 0.075000   2.753756   -0.743113
 0.080000   2.749976   -0.769077
 0.085000   2.746067   -0.794006
 0.090000   2.742043   -0.814523
 0.095000   2.737929   -0.830619
 0.100000   2.733745   -0.842292
 0.105000   2.729513   -0.849543
 0.110000   2.725257   -0.852372
 0.115000   2.720997   -0.850780
 0.120000   2.716756   -0.844765
 0.125000   2.712557   -0.834328
 0.130000   2.708420   -0.819470
 0.135000   2.704369   -0.800189
 0.140000   2.700426   -0.776487
 0.145000   2.696603   -0.753733
 0.150000   2.692878   -0.737281
 0.155000   2.689220   -0.727131
 0.160000   2.685596   -0.723283
 0.165000   2.681976   -0.725736
 0.170000   2.678328   -0.734492
 0.175000   2.674621   -0.749549
 0.180000   2.670822   -0.770908
 0.185000   2.666901   -0.798569
 0.190000   2.662826   -0.832532
 0.195000   2.658565   -0.872796
 0.200000   2.654088   -0.919363
 0.205000   2.649361   -0.972215
 0.210000   2.644358   -1.029772
 0.215000   2.639057   -1.090987
 0.220000   2.633442   -1.155859
 0.225000   2.627493   -1.224390
 0.230000   2.621192   -1.296577
 0.235000   2.614521   -1.372423
 0.240000   2.607462   -1.451926
 0.245000   2.599996   -1.535087
 0.250000   2.592105   -1.621906
 0.255000   2.583770   -1.712382
 0.260000   2.574975   -1.806516
 0.265000   2.565699   -1.904308
 0.270000   2.555925   -2.005757
 0.275000   2.545635   -2.110832
 0.280000   2.534812   -2.219255
 0.285000   2.523437   -2.330964
 0.290000   2.511496   -2.445958
 0.295000   2.498972   -2.564237
 0.300000   2.485849   -2.685801
 0.305000   2.472109   -2.810650
 0.310000   2.457737   -2.938785
 0.315000   2.442716   -3.070205
 0.320000   2.427029   -3.204911
 0.325000   2.410661   -3.342901
 0.330000   2.393595   -3.484177
 0.335000   2.375814   -3.628738
 0.340000   2.357302   -3.776584
 0.345000   2.338042   -3.927716
 0.350000   2.318029   -4.075537
 0.355000   2.297310   -4.209657
 0.360000   2.275955   -4.329948
 0.365000   2.254034   -4.436410
 0.370000   2.231614   -4.529043
 0.375000   2.208766   -4.607847
 0.380000   2.185559   -4.672822
 0.385000   2.162061   -4.723968
 0.390000   2.138342   -4.761285
 0.395000   2.114471   -4.784773
 0.400000   2.090518   -4.794431
 0.405000   2.066550   -4.790261
 0.410000   2.042638   -4.772262
 0.415000   2.018850   -4.740434
 0.420000   1.995257   -4.694777
 0.425000   1.971924   -4.638169
 0.430000   1.948844   -4.597667
 0.435000   1.925909   -4.579930
 0.440000   1.903006   -4.584960
 0.445000   1.880022   -4.612757
 0.450000   1.856841   -4.663319
 0.455000   1.833351   -4.736649
 0.460000   1.809437   -4.832744
 0.465000   1.784985   -4.951606
 0.470000   1.759887   -5.086421
 0.475000   1.734195   -5.181895
 0.480000   1.708154   -5.225908
 0.485000   1.682022   -5.218459
 0.490000   1.656055   -5.159547
 0.495000   1.630512   -5.049174
 0.500000   1.605649   -4.887340
 0.505000   1.581725   -4.674043
 0.510000   1.558948   -4.443543
 0.515000   1.537206   -4.261297
 0.520000   1.516252   -4.128903
 0.525000   1.495834   -4.046360
 0.530000   1.475705   -4.013670
 0.535000   1.455615   -4.030832
 0.540000   1.435314   -4.097846
 0.545000   1.414553   -4.214711
 0.550000   1.393083   -4.381429
 0.555000   1.370656   -4.596090
 0.560000   1.347204   -4.770173
 0.565000   1.323102   -4.855438
 0.570000   1.298797   -4.851888
 0.575000   1.274732   -4.759521
 0.580000   1.251350   -4.578337
 0.585000   1.229096   -4.308338
 0.590000   1.208415   -3.949521
 0.595000   1.189749   -3.501888
 0.600000   1.173434   -3.035587
 0.605000   1.159275   -2.639963
 0.610000   1.146916   -2.315333
 0.615000   1.136003   -2.061697
 0.620000   1.126181   -1.879056
 0.625000   1.117094   -1.767409
 0.630000   1.108389   -1.726756
 0.635000   1.099709   -1.757098
 0.640000   1.090699   -1.858435
 0.645000   1.081006   -2.030765
 0.650000   1.070281   -2.262863
 0.655000   1.058449   -2.460785
 0.660000   1.045766   -2.603412
 0.665000   1.032507   -2.690743
 0.670000   1.018950   -2.722780
 0.675000   1.005371   -2.699522
 0.680000   0.992047   -2.620969
 0.685000   0.979254   -2.487120
 0.690000   0.967268   -2.297977
 0.695000   0.956362   -2.060055
 0.700000   0.946631   -1.837548
 0.705000   0.937934   -1.646826
 0.710000   0.930110   -1.487888
 0.715000   0.923002   -1.360735
 0.720000   0.916450   -1.265367
 0.725000   0.910295   -1.201783
 0.730000   0.904379   -1.169984
 0.735000   0.898542   -1.169969
 0.740000   0.892626   -1.201739
 0.745000   0.886472   -1.265294
 0.750000   0.879920   -1.360633
 0.755000   0.872828   -1.474655
 0.760000   0.865207   -1.570348
 0.765000   0.857159   -1.645471
 0.770000   0.848787   -1.700025
 0.775000   0.840193   -1.734010
 0.780000   0.831481   -1.747426
 0.785000   0.822753   -1.740273
 0.790000   0.814112   -1.712551
 0.795000   0.805662   -1.664259
 0.800000   0.797504   -1.595398
 0.805000   0.789739   -1.509763
 0.810000   0.782394   -1.429816
 0.815000   0.775425   -1.359251
 0.820000   0.768786   -1.298069
 0.825000   0.762429   -1.246269
 0.830000   0.756307   -1.203851
 0.835000   0.750375   -1.170815
 0.840000   0.744584   -1.147161
 0.845000   0.738887   -1.132889
 0.850000   0.733239   -1.128000
 0.855000   0.727592   -1.132492
 0.860000   0.721898   -1.146367
 0.865000   0.716112   -1.169624
 0.870000   0.710187   -1.202263
 0.875000   0.704077   -1.242165
 0.880000   0.697757   -1.286628
 0.885000   0.691204   -1.335643
 0.890000   0.684393   -1.389210
 0.895000   0.677304   -1.447329
 0.900000   0.669912   -1.510000
 0.905000   0.662196   -1.577223
 0.910000   0.654133   -1.648998
 0.915000   0.645699   -1.725325
 0.920000   0.636872   -1.806204
 0.925000   0.627629   -1.891635
 0.930000   0.617948   -1.981618
 0.935000   0.607789   -2.098808
 0.940000   0.596568   -2.433110
 0.945000   0.583025   -3.027281
 0.950000   0.565862   -3.881319
 0.955000   0.543803   -4.981001
 0.960000   0.515666   -6.312102
 0.965000   0.480296   -7.874622
 0.970000   0.436945   -9.422260
 0.975000   0.386509   -10.708715
 0.980000   0.330293   -11.733989
 0.985000   0.269620   -12.482245
 0.990000   0.206048   -12.888385
 0.995000   0.141318   -12.945372
 1.000000   0.076836   -12.857179
201 psinorm ni(10^20/m^3) dni/dpsiN
 0.000000   0.618231   -0.329370
 0.005000   0.616585   -0.329273
 0.010000   0.614939   -0.328983
 0.015000   0.613295   -0.328500
 0.020000   0.611654   -0.327824
 0.025000   0.610017   -0.326954
 0.030000   0.608385   -0.325891
 0.035000   0.606759   -0.324635
 0.040000   0.605139   -0.323186
 0.045000   0.603527   -0.321543
 0.050000   0.601924   -0.319707
 0.055000   0.600330   -0.317678
 0.060000   0.598747   -0.315456
 0.065000   0.597176   -0.313041
 0.070000   0.595617   -0.310432
 0.075000   0.594072   -0.307630
 0.080000   0.592541   -0.304634
 0.085000   0.591026   -0.301446
 0.090000   0.589527   -0.298064
 0.095000   0.588045   -0.294489
 0.100000   0.586582   -0.290721
 0.105000   0.585137   -0.287354
 0.110000   0.583707   -0.284984
 0.115000   0.582286   -0.283611
 0.120000   0.580869   -0.283234
 0.125000   0.579452   -0.283855
 0.130000   0.578029   -0.285471
 0.135000   0.576595   -0.288085
 0.140000   0.575146   -0.291695
 0.145000   0.573677   -0.296302
 0.150000   0.572182   -0.301905
 0.155000   0.570656   -0.308505
 0.160000   0.569095   -0.316102
 0.165000   0.567493   -0.324695
 0.170000   0.565846   -0.334285
 0.175000   0.564149   -0.344872
 0.180000   0.562396   -0.356456
 0.185000   0.560582   -0.369036
 0.190000   0.558704   -0.382612
 0.195000   0.556755   -0.397186
 0.200000   0.554730   -0.412756
 0.205000   0.552627   -0.428072
 0.210000   0.550452   -0.441885
 0.215000   0.548211   -0.454195
 0.220000   0.545912   -0.465001
 0.225000   0.543563   -0.474303
 0.230000   0.541172   -0.482102
 0.235000   0.538745   -0.488397
 0.240000   0.536290   -0.493188
 0.245000   0.533815   -0.496476
 0.250000   0.531328   -0.498260
 0.255000   0.528835   -0.498541
 0.260000   0.526345   -0.497318
 0.265000   0.523864   -0.494591
 0.270000   0.521401   -0.490361
 0.275000   0.518963   -0.484627
 0.280000   0.516557   -0.477390
 0.285000   0.514192   -0.468649
 0.290000   0.511873   -0.458404
 0.295000   0.509610   -0.446656
 0.300000   0.507409   -0.433405
 0.305000   0.505276   -0.420349
 0.310000   0.503202   -0.409189
 0.315000   0.501180   -0.399925
 0.320000   0.499200   -0.392556
 0.325000   0.497252   -0.387083
 0.330000   0.495326   -0.383506
 0.335000   0.493413   -0.381825
 0.340000   0.491504   -0.382039
 0.345000   0.489590   -0.384149
 0.350000   0.487660   -0.388155
 0.355000   0.485705   -0.394057
 0.360000   0.483718   -0.400169
 0.365000   0.481707   -0.404189
 0.370000   0.479680   -0.406105
 0.375000   0.477649   -0.405915
 0.380000   0.475624   -0.403621
 0.385000   0.473616   -0.399223
 0.390000   0.471635   -0.393119
 0.395000   0.469685   -0.387037
 0.400000   0.467764   -0.381174
 0.405000   0.465873   -0.375530
 0.410000   0.464009   -0.370106
 0.415000   0.462171   -0.364902
 0.420000   0.460359   -0.359917
 0.425000   0.458571   -0.355290
 0.430000   0.456805   -0.351216
 0.435000   0.455058   -0.347698
 0.440000   0.453327   -0.344736
 0.445000   0.451610   -0.342330
 0.450000   0.449903   -0.340479
 0.455000   0.448204   -0.339184
 0.460000   0.446510   -0.338754
 0.465000   0.444814   -0.339935
 0.470000   0.443108   -0.342758
 0.475000   0.441383   -0.347224
 0.480000   0.439633   -0.353332
 0.485000   0.437847   -0.361083
 0.490000   0.436019   -0.370476
 0.495000   0.434141   -0.380634
 0.500000   0.432217   -0.388542
 0.505000   0.430259   -0.393945
 0.510000   0.428281   -0.396844
 0.515000   0.426295   -0.397239
 0.520000   0.424313   -0.395129
 0.525000   0.422348   -0.390573
 0.530000   0.420409   -0.384765
 0.535000   0.418501   -0.378178
 0.540000   0.416628   -0.370813
 0.545000   0.414794   -0.362669
 0.550000   0.413003   -0.353747
 0.555000   0.411258   -0.344046
 0.560000   0.409564   -0.333854
 0.565000   0.407918   -0.324500
 0.570000   0.406317   -0.316153
 0.575000   0.404755   -0.308812
 0.580000   0.403227   -0.302476
 0.585000   0.401728   -0.297147
 0.590000   0.400254   -0.292825
 0.595000   0.398798   -0.289508
 0.600000   0.397357   -0.287051
 0.605000   0.395927   -0.285143
 0.610000   0.394505   -0.283773
 0.615000   0.393088   -0.282940
 0.620000   0.391674   -0.282644
 0.625000   0.390261   -0.282887
 0.630000   0.388845   -0.283667
 0.635000   0.387423   -0.284985
 0.640000   0.385994   -0.286498
 0.645000   0.384560   -0.286968
 0.650000   0.383126   -0.286283
 0.655000   0.381699   -0.284445
 0.660000   0.380284   -0.281453
 0.665000   0.378886   -0.277306
 0.670000   0.377513   -0.272005
 0.675000   0.376168   -0.265550
 0.680000   0.374859   -0.258171
 0.685000   0.373584   -0.251876
 0.690000   0.372337   -0.247131
 0.695000   0.371110   -0.243938
 0.700000   0.369895   -0.242295
 0.705000   0.368685   -0.242203
 0.710000   0.367471   -0.243663
 0.715000   0.366246   -0.246673
 0.720000   0.365001   -0.251233
 0.725000   0.363731   -0.257307
 0.730000   0.362427   -0.264321
 0.735000   0.361086   -0.272086
 0.740000   0.359705   -0.280601
 0.745000   0.358279   -0.289865
 0.750000   0.356805   -0.299880
 0.755000   0.355279   -0.310645
 0.760000   0.353697   -0.322161
 0.765000   0.352056   -0.334385
 0.770000   0.350355   -0.345766
 0.775000   0.348601   -0.355516
 0.780000   0.346802   -0.363633
 0.785000   0.344967   -0.370118
 0.790000   0.343104   -0.374971
 0.795000   0.341220   -0.378192
 0.800000   0.339324   -0.380153
 0.805000   0.337418   -0.382400
 0.810000   0.335499   -0.385102
 0.815000   0.333566   -0.388259
 0.820000   0.331616   -0.391871
 0.825000   0.329646   -0.395938
 0.830000   0.327656   -0.400455
 0.835000   0.325641   -0.405297
 0.840000   0.323602   -0.410412
 0.845000   0.321537   -0.415800
 0.850000   0.319444   -0.421462
 0.855000   0.317321   -0.427398
 0.860000   0.315169   -0.433345
 0.865000   0.312997   -0.434130
 0.870000   0.310840   -0.427746
 0.875000   0.308732   -0.414195
 0.880000   0.306710   -0.393476
 0.885000   0.304803   -0.372563
 0.890000   0.302910   -0.392847
 0.895000   0.300795   -0.461152
 0.900000   0.298218   -0.577477
 0.905000   0.294940   -0.741823
 0.910000   0.290695   -0.973591
 0.915000   0.285011   -1.319191
 0.920000   0.277310   -1.780633
 0.925000   0.267022   -2.342914
 0.930000   0.253956   -2.867105
 0.935000   0.238750   -3.158007
 0.940000   0.223050   -3.048121
 0.945000   0.208851   -2.606504
 0.950000   0.197007   -2.137835
 0.955000   0.187214   -1.811207
 0.960000   0.178576   -1.675566
 0.965000   0.170195   -1.699879
 0.970000   0.161353   -1.853420
 0.975000   0.151561   -2.070773
 0.980000   0.140582   -2.319409
 0.985000   0.128554   -2.452741
 0.990000   0.116675   -2.225585
 0.995000   0.106687   -1.762644
 1.000000   0.098989   -1.324138
201 psinorm ti(KeV) dti/dpsiN
 0.000000   1.672642   -0.669891
 0.005000   1.669294   -0.669022
 0.010000   1.665951   -0.668416
 0.015000   1.662610   -0.668073
 0.020000   1.659270   -0.667993
 0.025000   1.655929   -0.668182
 0.030000   1.652587   -0.668787
 0.035000   1.649241   -0.669878
 0.040000   1.645888   -0.671454
 0.045000   1.642525   -0.673515
 0.050000   1.639152   -0.676061
 0.055000   1.635764   -0.679092
 0.060000   1.632360   -0.682609
 0.065000   1.628937   -0.686617
 0.070000   1.625493   -0.691172
 0.075000   1.622024   -0.696389
 0.080000   1.618528   -0.702280
 0.085000   1.615000   -0.708843
 0.090000   1.611438   -0.716079
 0.095000   1.607838   -0.723989
 0.100000   1.604197   -0.732571
 0.105000   1.600512   -0.741827
 0.110000   1.596778   -0.751660
 0.115000   1.592994   -0.761995
 0.120000   1.589157   -0.772831
 0.125000   1.585265   -0.784167
 0.130000   1.581315   -0.796007
 0.135000   1.577304   -0.808378
 0.140000   1.573230   -0.821287
 0.145000   1.569090   -0.834737
 0.150000   1.564882   -0.848725
 0.155000   1.560602   -0.863253
 0.160000   1.556248   -0.878320
 0.165000   1.551818   -0.893926
 0.170000   1.547308   -0.909883
 0.175000   1.542719   -0.925916
 0.180000   1.538049   -0.942262
 0.185000   1.533296   -0.958929
 0.190000   1.528459   -0.975916
 0.195000   1.523536   -0.993224
 0.200000   1.518526   -1.010853
 0.205000   1.513427   -1.028802
 0.210000   1.508238   -1.047033
 0.215000   1.502957   -1.064943
 0.220000   1.497590   -1.081801
 0.225000   1.492141   -1.097417
 0.230000   1.486618   -1.111790
 0.235000   1.481026   -1.124921
 0.240000   1.475371   -1.136810
 0.245000   1.469660   -1.147457
 0.250000   1.463898   -1.156861
 0.255000   1.458093   -1.164985
 0.260000   1.452251   -1.171811
 0.265000   1.446377   -1.177415
 0.270000   1.440479   -1.181800
 0.275000   1.434561   -1.184966
 0.280000   1.428631   -1.186912
 0.285000   1.422694   -1.187639
 0.290000   1.416757   -1.187147
 0.295000   1.410825   -1.185489
 0.300000   1.404903   -1.182971
 0.305000   1.398997   -1.179440
 0.310000   1.393110   -1.174853
 0.315000   1.387250   -1.169211
 0.320000   1.381420   -1.162513
 0.325000   1.375626   -1.154759
 0.330000   1.369874   -1.145949
 0.335000   1.364169   -1.136098
 0.340000   1.358514   -1.125728
 0.345000   1.352912   -1.115106
 0.350000   1.347363   -1.104232
 0.355000   1.341870   -1.093106
 0.360000   1.336433   -1.081728
 0.365000   1.331053   -1.070098
 0.370000   1.325732   -1.058216
 0.375000   1.320471   -1.046082
 0.380000   1.315272   -1.033696
 0.385000   1.310135   -1.021058
 0.390000   1.305062   -1.008168
 0.395000   1.300053   -0.995142
 0.400000   1.295108   -0.983065
 0.405000   1.290221   -0.972201
 0.410000   1.285384   -0.962552
 0.415000   1.280593   -0.954116
 0.420000   1.275841   -0.946894
 0.425000   1.271122   -0.940887
 0.430000   1.266430   -0.936093
 0.435000   1.261759   -0.932523
 0.440000   1.257103   -0.930335
 0.445000   1.252454   -0.929582
 0.450000   1.247804   -0.930263
 0.455000   1.243148   -0.932379
 0.460000   1.238478   -0.935929
 0.465000   1.233787   -0.940915
 0.470000   1.229067   -0.947334
 0.475000   1.224311   -0.955135
 0.480000   1.219514   -0.963577
 0.485000   1.214675   -0.972423
 0.490000   1.209790   -0.981674
 0.495000   1.204857   -0.991329
 0.500000   1.199876   -1.001388
 0.505000   1.194843   -1.011853
 0.510000   1.189756   -1.022721
 0.515000   1.184615   -1.033968
 0.520000   1.179416   -1.045407
 0.525000   1.174160   -1.057003
 0.530000   1.168846   -1.068755
 0.535000   1.163473   -1.080664
 0.540000   1.158039   -1.092730
 0.545000   1.152545   -1.104953
 0.550000   1.146989   -1.117333
 0.555000   1.141372   -1.129817
 0.560000   1.135691   -1.142272
 0.565000   1.129949   -1.154693
 0.570000   1.124144   -1.167080
 0.575000   1.118278   -1.179431
 0.580000   1.112350   -1.191748
 0.585000   1.106361   -1.204029
 0.590000   1.100310   -1.216276
 0.595000   1.094198   -1.228489
 0.600000   1.088025   -1.240666
 0.605000   1.081791   -1.252808
 0.610000   1.075497   -1.265217
 0.615000   1.069138   -1.278316
 0.620000   1.062712   -1.292108
 0.625000   1.056216   -1.306593
 0.630000   1.049645   -1.321771
 0.635000   1.042997   -1.337642
 0.640000   1.036268   -1.354207
 0.645000   1.029454   -1.371175
 0.650000   1.022558   -1.387242
 0.655000   1.015583   -1.402246
 0.660000   1.008537   -1.416187
 0.665000   1.001423   -1.429066
 0.670000   0.994248   -1.440883
 0.675000   0.987016   -1.451637
 0.680000   0.979733   -1.461255
 0.685000   0.972407   -1.469126
 0.690000   0.965045   -1.475109
 0.695000   0.957659   -1.479206
 0.700000   0.950256   -1.481416
 0.705000   0.942848   -1.481739
 0.710000   0.935442   -1.480176
 0.715000   0.928049   -1.476945
 0.720000   0.920673   -1.473556
 0.725000   0.913313   -1.470298
 0.730000   0.905970   -1.467170
 0.735000   0.898641   -1.464171
 0.740000   0.891328   -1.461302
 0.745000   0.884028   -1.458563
 0.750000   0.876742   -1.455948
 0.755000   0.869468   -1.453439
 0.760000   0.862207   -1.451036
 0.765000   0.854958   -1.448738
 0.770000   0.847720   -1.446546
 0.775000   0.840492   -1.444460
 0.780000   0.833275   -1.442483
 0.785000   0.826067   -1.440619
 0.790000   0.818869   -1.438868
 0.795000   0.811678   -1.437230
 0.800000   0.804496   -1.435705
 0.805000   0.797321   -1.434293
 0.810000   0.790153   -1.432994
 0.815000   0.782991   -1.431808
 0.820000   0.775835   -1.430735
 0.825000   0.768683   -1.429775
 0.830000   0.761537   -1.428927
 0.835000   0.754394   -1.428193
 0.840000   0.747255   -1.427572
 0.845000   0.740118   -1.427063
 0.850000   0.732984   -1.426668
 0.855000   0.725851   -1.426386
 0.860000   0.718720   -1.426216
 0.865000   0.711589   -1.426160
 0.870000   0.710187   -1.202263
 0.875000   0.704077   -1.242165
 0.880000   0.697757   -1.286628
 0.885000   0.691204   -1.335643
 0.890000   0.684393   -1.389210
 0.895000   0.677304   -1.447329
 0.900000   0.669912   -1.510000
 0.905000   0.662196   -1.577223
 0.910000   0.654133   -1.648998
 0.915000   0.645699   -1.725325
 0.920000   0.636872   -1.806204
 0.925000   0.627629   -1.891635
 0.930000   0.617948   -1.981618
 0.935000   0.607789   -2.098808
 0.940000   0.596568   -2.433110
 0.945000   0.583025   -3.027281
 0.950000   0.565862   -3.881319
 0.955000   0.543803   -4.981001
 0.960000   0.515666   -6.312102
 0.965000   0.480296   -7.874622
 0.970000   0.436945   -9.422260
 0.975000   0.386509   -10.708715
 0.980000   0.330293   -11.733989
 0.985000   0.269620   -12.482245
 0.990000   0.206048   -12.888385
 0.995000   0.141318   -12.945372
 1.000000   0.076836   -12.857179
201 psinorm nC(10^20/m^3) dnC/dpsiN
 0.000000   0.009661   -0.005153
 0.005000   0.009635   -0.005151
 0.010000   0.009609   -0.005147
 0.015000   0.009584   -0.005139
 0.020000   0.009558   -0.005129
 0.025000   0.009532   -0.005115
 0.030000   0.009507   -0.005098
 0.035000   0.009481   -0.005079
 0.040000   0.009456   -0.005056
 0.045000   0.009431   -0.005030
 0.050000   0.009406   -0.005002
 0.055000   0.009381   -0.004970
 0.060000   0.009356   -0.004935
 0.065000   0.009332   -0.004897
 0.070000   0.009307   -0.004857
 0.075000   0.009283   -0.004813
 0.080000   0.009259   -0.004766
 0.085000   0.009236   -0.004716
 0.090000   0.009212   -0.004663
 0.095000   0.009189   -0.004607
 0.100000   0.009166   -0.004548
 0.105000   0.009144   -0.004496
 0.110000   0.009121   -0.004458
 0.115000   0.009099   -0.004437
 0.120000   0.009077   -0.004431
 0.125000   0.009055   -0.004441
 0.130000   0.009032   -0.004466
 0.135000   0.009010   -0.004507
 0.140000   0.008987   -0.004563
 0.145000   0.008964   -0.004636
 0.150000   0.008941   -0.004723
 0.155000   0.008917   -0.004826
 0.160000   0.008893   -0.004945
 0.165000   0.008868   -0.005080
 0.170000   0.008842   -0.005230
 0.175000   0.008816   -0.005395
 0.180000   0.008788   -0.005577
 0.185000   0.008760   -0.005773
 0.190000   0.008730   -0.005986
 0.195000   0.008700   -0.006214
 0.200000   0.008668   -0.006457
 0.205000   0.008636   -0.006697
 0.210000   0.008602   -0.006913
 0.215000   0.008566   -0.007106
 0.220000   0.008531   -0.007275
 0.225000   0.008494   -0.007420
 0.230000   0.008456   -0.007542
 0.235000   0.008419   -0.007641
 0.240000   0.008380   -0.007716
 0.245000   0.008342   -0.007767
 0.250000   0.008303   -0.007795
 0.255000   0.008264   -0.007800
 0.260000   0.008225   -0.007780
 0.265000   0.008186   -0.007738
 0.270000   0.008148   -0.007672
 0.275000   0.008109   -0.007582
 0.280000   0.008072   -0.007469
 0.285000   0.008035   -0.007332
 0.290000   0.007999   -0.007172
 0.295000   0.007963   -0.006988
 0.300000   0.007929   -0.006780
 0.305000   0.007896   -0.006576
 0.310000   0.007863   -0.006402
 0.315000   0.007832   -0.006257
 0.320000   0.007801   -0.006141
 0.325000   0.007770   -0.006056
 0.330000   0.007740   -0.006000
 0.335000   0.007710   -0.005974
 0.340000   0.007680   -0.005977
 0.345000   0.007650   -0.006010
 0.350000   0.007620   -0.006073
 0.355000   0.007590   -0.006165
 0.360000   0.007559   -0.006261
 0.365000   0.007527   -0.006323
 0.370000   0.007496   -0.006353
 0.375000   0.007464   -0.006350
 0.380000   0.007432   -0.006315
 0.385000   0.007401   -0.006246
 0.390000   0.007370   -0.006150
 0.395000   0.007339   -0.006055
 0.400000   0.007309   -0.005963
 0.405000   0.007280   -0.005875
 0.410000   0.007251   -0.005790
 0.415000   0.007222   -0.005709
 0.420000   0.007194   -0.005631
 0.425000   0.007166   -0.005558
 0.430000   0.007138   -0.005495
 0.435000   0.007111   -0.005440
 0.440000   0.007084   -0.005393
 0.445000   0.007057   -0.005356
 0.450000   0.007030   -0.005327
 0.455000   0.007004   -0.005306
 0.460000   0.006977   -0.005300
 0.465000   0.006951   -0.005318
 0.470000   0.006924   -0.005362
 0.475000   0.006897   -0.005432
 0.480000   0.006870   -0.005528
 0.485000   0.006842   -0.005649
 0.490000   0.006813   -0.005796
 0.495000   0.006784   -0.005955
 0.500000   0.006754   -0.006079
 0.505000   0.006723   -0.006163
 0.510000   0.006692   -0.006209
 0.515000   0.006661   -0.006215
 0.520000   0.006630   -0.006182
 0.525000   0.006600   -0.006110
 0.530000   0.006569   -0.006020
 0.535000   0.006540   -0.005916
 0.540000   0.006510   -0.005801
 0.545000   0.006482   -0.005674
 0.550000   0.006454   -0.005534
 0.555000   0.006426   -0.005383
 0.560000   0.006400   -0.005223
 0.565000   0.006374   -0.005077
 0.570000   0.006349   -0.004946
 0.575000   0.006325   -0.004831
 0.580000   0.006301   -0.004732
 0.585000   0.006278   -0.004649
 0.590000   0.006254   -0.004581
 0.595000   0.006232   -0.004529
 0.600000   0.006209   -0.004491
 0.605000   0.006187   -0.004461
 0.610000   0.006165   -0.004440
 0.615000   0.006143   -0.004427
 0.620000   0.006120   -0.004422
 0.625000   0.006098   -0.004426
 0.630000   0.006076   -0.004438
 0.635000   0.006054   -0.004459
 0.640000   0.006032   -0.004482
 0.645000   0.006009   -0.004490
 0.650000   0.005987   -0.004479
 0.655000   0.005965   -0.004450
 0.660000   0.005942   -0.004403
 0.665000   0.005921   -0.004338
 0.670000   0.005899   -0.004255
 0.675000   0.005878   -0.004154
 0.680000   0.005858   -0.004039
 0.685000   0.005838   -0.003941
 0.690000   0.005818   -0.003866
 0.695000   0.005799   -0.003816
 0.700000   0.005780   -0.003791
 0.705000   0.005761   -0.003789
 0.710000   0.005742   -0.003812
 0.715000   0.005723   -0.003859
 0.720000   0.005704   -0.003930
 0.725000   0.005684   -0.004025
 0.730000   0.005663   -0.004135
 0.735000   0.005642   -0.004257
 0.740000   0.005621   -0.004390
 0.745000   0.005599   -0.004535
 0.750000   0.005576   -0.004692
 0.755000   0.005552   -0.004860
 0.760000   0.005527   -0.005040
 0.765000   0.005501   -0.005231
 0.770000   0.005475   -0.005409
 0.775000   0.005447   -0.005562
 0.780000   0.005419   -0.005689
 0.785000   0.005391   -0.005790
 0.790000   0.005361   -0.005866
 0.795000   0.005332   -0.005917
 0.800000   0.005302   -0.005947
 0.805000   0.005273   -0.005983
 0.810000   0.005243   -0.006025
 0.815000   0.005212   -0.006074
 0.820000   0.005182   -0.006131
 0.825000   0.005151   -0.006194
 0.830000   0.005120   -0.006265
 0.835000   0.005089   -0.006341
 0.840000   0.005057   -0.006421
 0.845000   0.005024   -0.006505
 0.850000   0.004992   -0.006594
 0.855000   0.004959   -0.006687
 0.860000   0.004925   -0.006780
 0.865000   0.004891   -0.006792
 0.870000   0.004857   -0.006692
 0.875000   0.004824   -0.006480
 0.880000   0.004793   -0.006156
 0.885000   0.004763   -0.005829
 0.890000   0.004733   -0.006146
 0.895000   0.004700   -0.007215
 0.900000   0.004660   -0.009034
 0.905000   0.004609   -0.011606
 0.910000   0.004542   -0.015232
 0.915000   0.004454   -0.020638
 0.920000   0.004333   -0.027857
 0.925000   0.004173   -0.036654
 0.930000   0.003968   -0.044855
 0.935000   0.003731   -0.049406
 0.940000   0.003485   -0.047687
 0.945000   0.003264   -0.040778
 0.950000   0.003078   -0.033446
 0.955000   0.002925   -0.028336
 0.960000   0.002790   -0.026214
 0.965000   0.002660   -0.026594
 0.970000   0.002521   -0.028996
 0.975000   0.002368   -0.032397
 0.980000   0.002197   -0.036286
 0.985000   0.002009   -0.038372
 0.990000   0.001823   -0.034819
 0.995000   0.001667   -0.027576
 1.000000   0.001547   -0.020716
201 psinorm nN(10^20/m^3) dnC/dpsiN
 0.000000   0.014828   -0.007896
 0.005000   0.014788   -0.007893
 0.010000   0.014749   -0.007886
 0.015000   0.014709   -0.007875
 0.020000   0.014670   -0.007859
 0.025000   0.014631   -0.007838
 0.030000   0.014592   -0.007812
 0.035000   0.014553   -0.007782
 0.040000   0.014514   -0.007747
 0.045000   0.014475   -0.007708
 0.050000   0.014437   -0.007664
 0.055000   0.014398   -0.007615
 0.060000   0.014361   -0.007562
 0.065000   0.014323   -0.007504
 0.070000   0.014285   -0.007442
 0.075000   0.014248   -0.007374
 0.080000   0.014212   -0.007303
 0.085000   0.014175   -0.007226
 0.090000   0.014139   -0.007145
 0.095000   0.014104   -0.007059
 0.100000   0.014069   -0.006969
 0.105000   0.014034   -0.006888
 0.110000   0.014000   -0.006832
 0.115000   0.013966   -0.006799
 0.120000   0.013932   -0.006790
 0.125000   0.013898   -0.006804
 0.130000   0.013864   -0.006843
 0.135000   0.013829   -0.006906
 0.140000   0.013794   -0.006992
 0.145000   0.013759   -0.007103
 0.150000   0.013723   -0.007237
 0.155000   0.013687   -0.007395
 0.160000   0.013649   -0.007578
 0.165000   0.013611   -0.007784
 0.170000   0.013571   -0.008013
 0.175000   0.013531   -0.008267
 0.180000   0.013489   -0.008545
 0.185000   0.013445   -0.008846
 0.190000   0.013400   -0.009172
 0.195000   0.013353   -0.009521
 0.200000   0.013305   -0.009894
 0.205000   0.013254   -0.010262
 0.210000   0.013202   -0.010593
 0.215000   0.013148   -0.010888
 0.220000   0.013093   -0.011147
 0.225000   0.013037   -0.011370
 0.230000   0.012980   -0.011557
 0.235000   0.012921   -0.011708
 0.240000   0.012863   -0.011823
 0.245000   0.012803   -0.011901
 0.250000   0.012744   -0.011944
 0.255000   0.012684   -0.011951
 0.260000   0.012624   -0.011922
 0.265000   0.012565   -0.011856
 0.270000   0.012505   -0.011755
 0.275000   0.012447   -0.011617
 0.280000   0.012389   -0.011444
 0.285000   0.012333   -0.011234
 0.290000   0.012277   -0.010989
 0.295000   0.012223   -0.010707
 0.300000   0.012170   -0.010389
 0.305000   0.012119   -0.010076
 0.310000   0.012069   -0.009809
 0.315000   0.012020   -0.009587
 0.320000   0.011973   -0.009410
 0.325000   0.011926   -0.009279
 0.330000   0.011880   -0.009193
 0.335000   0.011834   -0.009153
 0.340000   0.011788   -0.009158
 0.345000   0.011742   -0.009209
 0.350000   0.011696   -0.009305
 0.355000   0.011649   -0.009446
 0.360000   0.011602   -0.009593
 0.365000   0.011553   -0.009689
 0.370000   0.011505   -0.009735
 0.375000   0.011456   -0.009730
 0.380000   0.011408   -0.009676
 0.385000   0.011359   -0.009570
 0.390000   0.011312   -0.009424
 0.395000   0.011265   -0.009278
 0.400000   0.011219   -0.009137
 0.405000   0.011174   -0.009002
 0.410000   0.011129   -0.008872
 0.415000   0.011085   -0.008747
 0.420000   0.011041   -0.008628
 0.425000   0.010999   -0.008517
 0.430000   0.010956   -0.008419
 0.435000   0.010914   -0.008335
 0.440000   0.010873   -0.008264
 0.445000   0.010832   -0.008206
 0.450000   0.010791   -0.008162
 0.455000   0.010750   -0.008131
 0.460000   0.010709   -0.008121
 0.465000   0.010669   -0.008149
 0.470000   0.010628   -0.008217
 0.475000   0.010586   -0.008324
 0.480000   0.010544   -0.008470
 0.485000   0.010501   -0.008656
 0.490000   0.010458   -0.008881
 0.495000   0.010413   -0.009124
 0.500000   0.010366   -0.009314
 0.505000   0.010319   -0.009444
 0.510000   0.010272   -0.009513
 0.515000   0.010224   -0.009522
 0.520000   0.010177   -0.009472
 0.525000   0.010130   -0.009363
 0.530000   0.010083   -0.009223
 0.535000   0.010037   -0.009066
 0.540000   0.009993   -0.008889
 0.545000   0.009949   -0.008694
 0.550000   0.009906   -0.008480
 0.555000   0.009864   -0.008247
 0.560000   0.009823   -0.008003
 0.565000   0.009784   -0.007779
 0.570000   0.009745   -0.007579
 0.575000   0.009708   -0.007403
 0.580000   0.009671   -0.007251
 0.585000   0.009635   -0.007123
 0.590000   0.009600   -0.007020
 0.595000   0.009565   -0.006940
 0.600000   0.009530   -0.006881
 0.605000   0.009496   -0.006835
 0.610000   0.009462   -0.006803
 0.615000   0.009428   -0.006783
 0.620000   0.009394   -0.006775
 0.625000   0.009360   -0.006781
 0.630000   0.009326   -0.006800
 0.635000   0.009292   -0.006832
 0.640000   0.009258   -0.006868
 0.645000   0.009223   -0.006879
 0.650000   0.009189   -0.006863
 0.655000   0.009155   -0.006819
 0.660000   0.009121   -0.006747
 0.665000   0.009087   -0.006648
 0.670000   0.009054   -0.006520
 0.675000   0.009022   -0.006366
 0.680000   0.008991   -0.006189
 0.685000   0.008960   -0.006038
 0.690000   0.008930   -0.005924
 0.695000   0.008901   -0.005848
 0.700000   0.008872   -0.005808
 0.705000   0.008843   -0.005806
 0.710000   0.008814   -0.005841
 0.715000   0.008784   -0.005913
 0.720000   0.008754   -0.006023
 0.725000   0.008724   -0.006168
 0.730000   0.008693   -0.006336
 0.735000   0.008660   -0.006522
 0.740000   0.008627   -0.006726
 0.745000   0.008593   -0.006949
 0.750000   0.008558   -0.007189
 0.755000   0.008521   -0.007447
 0.760000   0.008483   -0.007723
 0.765000   0.008444   -0.008016
 0.770000   0.008403   -0.008289
 0.775000   0.008361   -0.008522
 0.780000   0.008318   -0.008717
 0.785000   0.008274   -0.008872
 0.790000   0.008229   -0.008989
 0.795000   0.008184   -0.009066
 0.800000   0.008138   -0.009113
 0.805000   0.008093   -0.009167
 0.810000   0.008047   -0.009232
 0.815000   0.008000   -0.009307
 0.820000   0.007954   -0.009394
 0.825000   0.007906   -0.009491
 0.830000   0.007859   -0.009600
 0.835000   0.007810   -0.009716
 0.840000   0.007761   -0.009838
 0.845000   0.007712   -0.009967
 0.850000   0.007662   -0.010103
 0.855000   0.007611   -0.010245
 0.860000   0.007559   -0.010388
 0.865000   0.007507   -0.010407
 0.870000   0.007455   -0.010254
 0.875000   0.007405   -0.009929
 0.880000   0.007356   -0.009432
 0.885000   0.007310   -0.008931
 0.890000   0.007265   -0.009417
 0.895000   0.007214   -0.011055
 0.900000   0.007153   -0.013843
 0.905000   0.007074   -0.017783
 0.910000   0.006972   -0.023339
 0.915000   0.006836   -0.031623
 0.920000   0.006651   -0.042685
 0.925000   0.006404   -0.056164
 0.930000   0.006091   -0.068729
 0.935000   0.005726   -0.075703
 0.940000   0.005350   -0.073069
 0.945000   0.005009   -0.062482
 0.950000   0.004725   -0.051248
 0.955000   0.004490   -0.043418
 0.960000   0.004283   -0.040166
 0.965000   0.004082   -0.040749
 0.970000   0.003870   -0.044430
 0.975000   0.003635   -0.049640
 0.980000   0.003372   -0.055600
 0.985000   0.003083   -0.058796
 0.990000   0.002798   -0.053351
 0.995000   0.002559   -0.042254
 1.000000   0.002374   -0.031742
201 psinorm ptot(KPa) dptot/dpsiN
 0.000000   52.209154   -41.245118
 0.005000   52.002930   -41.244170
 0.010000   51.796717   -41.240605
 0.015000   51.590531   -41.233161
 0.020000   51.384393   -41.220901
 0.025000   51.178331   -41.203133
 0.030000   50.972372   -41.179358
 0.035000   50.766548   -41.149222
 0.040000   50.560891   -41.112495
 0.045000   50.355434   -41.069063
 0.050000   50.150211   -41.018936
 0.055000   49.945256   -40.962287
 0.060000   49.740599   -40.899495
 0.065000   49.536270   -40.831215
 0.070000   49.332294   -40.758461
 0.075000   49.128690   -40.682711
 0.080000   48.925468   -40.606022
 0.085000   48.722627   -40.531163
 0.090000   48.520148   -40.461754
 0.095000   48.317993   -40.402368
 0.100000   48.116098   -40.358564
 0.105000   47.914370   -40.336817
 0.110000   47.712681   -40.344370
 0.115000   47.510865   -40.389042
 0.120000   47.308715   -40.479022
 0.125000   47.105985   -40.622678
 0.130000   46.902385   -40.828330
 0.135000   46.697585   -41.104020
 0.140000   46.491216   -41.457228
 0.145000   46.282872   -41.894557
 0.150000   46.072121   -42.421369
 0.155000   45.858503   -43.041436
 0.160000   45.641548   -43.756669
 0.165000   45.420778   -44.566918
 0.170000   45.195724   -45.469849
 0.175000   44.965933   -46.460897
 0.180000   44.730980   -47.533287
 0.185000   44.490479   -48.678125
 0.190000   44.244096   -49.884574
 0.195000   43.991552   -51.140124
 0.200000   43.732636   -52.430950
 0.205000   43.467208   -53.742399
 0.210000   43.195202   -55.059574
 0.215000   42.916627   -56.367944
 0.220000   42.631560   -57.653855
 0.225000   42.340146   -58.904950
 0.230000   42.042587   -60.110468
 0.235000   41.739132   -61.261465
 0.240000   41.430074   -62.350962
 0.245000   41.115734   -63.374017
 0.250000   40.796450   -64.327757
 0.255000   40.472573   -65.211350
 0.260000   40.144451   -66.025942
 0.265000   39.812423   -66.774552
 0.270000   39.476808   -67.461922
 0.275000   39.137896   -68.094324
 0.280000   38.795944   -68.679328
 0.285000   38.451167   -69.225505
 0.290000   38.103738   -69.742072
 0.295000   37.753780   -70.238467
 0.300000   37.401372   -70.723835
 0.305000   37.046546   -71.206430
 0.310000   36.689301   -71.692940
 0.315000   36.329603   -72.187876
 0.320000   35.967405   -72.693118
 0.325000   35.602656   -73.207658
 0.330000   35.235319   -73.727527
 0.335000   34.865384   -74.245897
 0.340000   34.492879   -74.753372
 0.345000   34.117887   -75.238461
 0.350000   33.740553   -75.688251
 0.355000   33.361086   -76.089279
 0.360000   32.979763   -76.428528
 0.365000   32.596923   -76.694457
 0.370000   32.212956   -76.877907
 0.375000   31.828291   -76.972759
 0.380000   31.443380   -76.976327
 0.385000   31.058679   -76.889499
 0.390000   30.674629   -76.716642
 0.395000   30.291643   -76.465279
 0.400000   29.910090   -76.145590
 0.405000   29.530281   -75.769841
 0.410000   29.152462   -75.351761
 0.415000   28.776810   -74.905872
 0.420000   28.403425   -74.446753
 0.425000   28.032341   -73.988215
 0.430000   27.663522   -73.542393
 0.435000   27.296880   -73.118810
 0.440000   26.932287   -72.723641
 0.445000   26.569592   -72.359264
 0.450000   26.208645   -72.024096
 0.455000   25.849312   -71.712720
 0.460000   25.491493   -71.416283
 0.465000   25.135143   -71.123178
 0.470000   24.780278   -70.820037
 0.475000   24.426983   -70.493076
 0.480000   24.075408   -70.129630
 0.485000   23.725764   -69.719481
 0.490000   23.378303   -69.255773
 0.495000   23.033301   -68.735510
 0.500000   22.691040   -68.159645
 0.505000   22.351789   -67.532683
 0.510000   22.015787   -66.861675
 0.515000   21.683233   -66.154630
 0.520000   21.354289   -65.418720
 0.525000   21.029086   -64.658805
 0.530000   20.707738   -63.876389
 0.535000   20.390363   -63.069023
 0.540000   20.077100   -62.230204
 0.545000   19.768130   -61.349793
 0.550000   19.463693   -60.414958
 0.555000   19.164095   -59.411654
 0.560000   18.869713   -58.326638
 0.565000   18.580982   -57.149856
 0.570000   18.298375   -55.876585
 0.575000   18.022373   -54.508880
 0.580000   17.753428   -53.056290
 0.585000   17.491923   -51.535863
 0.590000   17.238142   -49.971424
 0.595000   16.992234   -48.392131
 0.600000   16.754192   -46.830278
 0.605000   16.523848   -45.318429
 0.610000   16.300874   -43.886490
 0.615000   16.084808   -42.559346
 0.620000   15.875076   -41.355179
 0.625000   15.671034   -40.284437
 0.630000   15.472006   -39.349402
 0.635000   15.277323   -38.544347
 0.640000   15.086367   -37.856264
 0.645000   14.898597   -37.266158
 0.650000   14.713581   -36.750883
 0.655000   14.531005   -36.285490
 0.660000   14.350683   -35.845805
 0.665000   14.172540   -35.410689
 0.670000   13.996596   -34.963672
 0.675000   13.822941   -34.493972
 0.680000   13.651702   -33.996943
 0.685000   13.483015   -33.473962
 0.690000   13.316994   -32.931807
 0.695000   13.153710   -32.381579
 0.700000   12.993169   -31.837209
 0.705000   12.835303   -31.313701
 0.710000   12.679973   -30.825492
 0.715000   12.526968   -30.385144
 0.720000   12.376025   -30.002347
 0.725000   12.226839   -29.683235
 0.730000   12.079083   -29.429990
 0.735000   11.932432   -29.240720
 0.740000   11.786579   -29.109600
 0.745000   11.641255   -29.027244
 0.750000   11.496246   -28.981324
 0.755000   11.351405   -28.957434
 0.760000   11.206661   -28.940198
 0.765000   11.062017   -28.914476
 0.770000   10.917553   -28.866472
 0.775000   10.773409   -28.784663
 0.780000   10.629777   -28.660528
 0.785000   10.486883   -28.489055
 0.790000   10.344967   -28.269053
 0.795000   10.204268   -28.003265
 0.800000   10.065000   -27.698299
 0.805000   9.927334   -27.364382
 0.810000   9.791382   -27.014949
 0.815000   9.657183   -26.666175
 0.820000   9.524688   -26.336567
 0.825000   9.393751   -26.046646
 0.830000   9.264118   -25.818720
 0.835000   9.135421   -25.676700
 0.840000   9.007166   -25.645939
 0.845000   8.878732   -25.753052
 0.850000   8.749360   -26.025689
 0.855000   8.618152   -26.492216
 0.860000   8.484067   -27.181273
 0.865000   8.345921   -28.121175
 0.870000   8.202391   -29.339062
 0.875000   8.052032   -30.855966
 0.880000   7.893313   -32.684436
 0.885000   7.724660   -34.829478
 0.890000   7.544499   -37.286008
 0.895000   7.351310   -40.036221
 0.900000   7.143701   -43.047682
 0.905000   6.920478   -46.272563
 0.910000   6.680724   -49.647994
 0.915000   6.423874   -53.097601
 0.920000   6.149769   -56.534912
 0.925000   5.858696   -59.869495
 0.930000   5.551387   -63.016046
 0.935000   5.228965   -65.905160
 0.940000   4.892839   -68.492324
 0.945000   4.544573   -70.760704
 0.950000   4.185755   -72.715507
 0.955000   3.817913   -74.373033
 0.960000   3.442491   -75.750740
 0.965000   3.060849   -76.862554
 0.970000   2.674289   -77.720242
 0.975000   2.284045   -78.339014
 0.980000   1.891255   -78.743742
 0.985000   1.496901   -78.972344
 0.990000   1.101742   -79.074585
 0.995000   0.706275   -79.104743
 1.000000   0.310739   -79.108531
3 N Z A of ION SPECIES
 1.000000   1.000000   2.014000
 6.000000   6.000000   12.011000
 7.000000   7.000000   14.007000
