201 psinorm ne(10^20/m^3) dne/dpsiN
 0.000000   0.740009   -0.335605
 0.005000   0.738331   -0.335723
 0.010000   0.736652   -0.336079
 0.015000   0.734970   -0.336671
 0.020000   0.733285   -0.337501
 0.025000   0.731595   -0.338567
 0.030000   0.729899   -0.339870
 0.035000   0.728196   -0.341410
 0.040000   0.726484   -0.343187
 0.045000   0.724763   -0.345202
 0.050000   0.723032   -0.347453
 0.055000   0.721288   -0.349941
 0.060000   0.719532   -0.352666
 0.065000   0.717761   -0.355627
 0.070000   0.715975   -0.358826
 0.075000   0.714173   -0.362262
 0.080000   0.712352   -0.365935
 0.085000   0.710513   -0.369845
 0.090000   0.708653   -0.373991
 0.095000   0.706773   -0.378375
 0.100000   0.704869   -0.382995
 0.105000   0.702942   -0.387853
 0.110000   0.700990   -0.392947
 0.115000   0.699012   -0.398279
 0.120000   0.697007   -0.403847
 0.125000   0.694974   -0.409653
 0.130000   0.692911   -0.415364
 0.135000   0.690821   -0.420651
 0.140000   0.688705   -0.425513
 0.145000   0.686566   -0.429951
 0.150000   0.684406   -0.433964
 0.155000   0.682227   -0.437553
 0.160000   0.680031   -0.440717
 0.165000   0.677821   -0.443456
 0.170000   0.675598   -0.445771
 0.175000   0.673364   -0.447661
 0.180000   0.671122   -0.449127
 0.185000   0.668873   -0.450168
 0.190000   0.666621   -0.450784
 0.195000   0.664366   -0.450976
 0.200000   0.662112   -0.450743
 0.205000   0.659859   -0.450086
 0.210000   0.657611   -0.449004
 0.215000   0.655370   -0.447498
 0.220000   0.653137   -0.445567
 0.225000   0.650915   -0.443211
 0.230000   0.648706   -0.440431
 0.235000   0.646511   -0.437226
 0.240000   0.644334   -0.433596
 0.245000   0.642176   -0.429542
 0.250000   0.640040   -0.425064
 0.255000   0.637925   -0.420654
 0.260000   0.635832   -0.416808
 0.265000   0.633756   -0.413526
 0.270000   0.631696   -0.410806
 0.275000   0.629647   -0.408650
 0.280000   0.627608   -0.407057
 0.285000   0.625576   -0.406028
 0.290000   0.623547   -0.405561
 0.295000   0.621519   -0.405658
 0.300000   0.619490   -0.406318
 0.305000   0.617455   -0.407542
 0.310000   0.615413   -0.409329
 0.315000   0.613361   -0.411679
 0.320000   0.611296   -0.414592
 0.325000   0.609214   -0.418069
 0.330000   0.607114   -0.422109
 0.335000   0.604993   -0.426199
 0.340000   0.602853   -0.429661
 0.345000   0.600697   -0.432489
 0.350000   0.598529   -0.434685
 0.355000   0.596352   -0.436248
 0.360000   0.594168   -0.437179
 0.365000   0.591981   -0.437477
 0.370000   0.589794   -0.437278
 0.375000   0.587608   -0.436841
 0.380000   0.585426   -0.436175
 0.385000   0.583247   -0.435277
 0.390000   0.581073   -0.434150
 0.395000   0.578906   -0.432791
 0.400000   0.576746   -0.431202
 0.405000   0.574595   -0.429020
 0.410000   0.572458   -0.425406
 0.415000   0.570343   -0.420326
 0.420000   0.568257   -0.413781
 0.425000   0.566208   -0.405770
 0.430000   0.564202   -0.396294
 0.435000   0.562247   -0.385353
 0.440000   0.560351   -0.373166
 0.445000   0.558515   -0.361463
 0.450000   0.556735   -0.350615
 0.455000   0.555007   -0.340620
 0.460000   0.553327   -0.331480
 0.465000   0.551691   -0.323194
 0.470000   0.550094   -0.315762
 0.475000   0.548532   -0.309185
 0.480000   0.547000   -0.303462
 0.485000   0.545496   -0.298414
 0.490000   0.544016   -0.293803
 0.495000   0.542557   -0.289629
 0.500000   0.541119   -0.285892
 0.505000   0.539698   -0.282591
 0.510000   0.538292   -0.279726
 0.515000   0.536900   -0.277298
 0.520000   0.535518   -0.275307
 0.525000   0.534146   -0.273752
 0.530000   0.532780   -0.272588
 0.535000   0.531420   -0.271227
 0.540000   0.530068   -0.269483
 0.545000   0.528726   -0.267357
 0.550000   0.527395   -0.264850
 0.555000   0.526078   -0.261960
 0.560000   0.524776   -0.258689
 0.565000   0.523492   -0.255035
 0.570000   0.522227   -0.251000
 0.575000   0.520983   -0.246582
 0.580000   0.519762   -0.241815
 0.585000   0.518564   -0.237431
 0.590000   0.517386   -0.233734
 0.595000   0.516225   -0.230723
 0.600000   0.515078   -0.228399
 0.605000   0.513940   -0.226761
 0.610000   0.512809   -0.225809
 0.615000   0.511681   -0.225544
 0.620000   0.510552   -0.225966
 0.625000   0.509420   -0.227074
 0.630000   0.508281   -0.228869
 0.635000   0.507130   -0.231350
 0.640000   0.505966   -0.234308
 0.645000   0.504787   -0.237543
 0.650000   0.503590   -0.241055
 0.655000   0.502376   -0.244844
 0.660000   0.501141   -0.248909
 0.665000   0.499886   -0.253251
 0.670000   0.498608   -0.257870
 0.675000   0.497307   -0.262766
 0.680000   0.495980   -0.267938
 0.685000   0.494627   -0.273387
 0.690000   0.493246   -0.278941
 0.695000   0.491840   -0.283249
 0.700000   0.490416   -0.286025
 0.705000   0.488982   -0.287267
 0.710000   0.487546   -0.286976
 0.715000   0.486115   -0.285153
 0.720000   0.484697   -0.281797
 0.725000   0.483300   -0.276907
 0.730000   0.481931   -0.270485
 0.735000   0.480597   -0.262530
 0.740000   0.479307   -0.253671
 0.745000   0.478058   -0.246377
 0.750000   0.476840   -0.240899
 0.755000   0.475646   -0.237238
 0.760000   0.474465   -0.235394
 0.765000   0.473289   -0.235366
 0.770000   0.472108   -0.237154
 0.775000   0.470914   -0.240759
 0.780000   0.469698   -0.246180
 0.785000   0.468449   -0.253417
 0.790000   0.467161   -0.262472
 0.795000   0.465822   -0.273211
 0.800000   0.464427   -0.285094
 0.805000   0.462969   -0.298064
 0.810000   0.461444   -0.312120
 0.815000   0.459846   -0.327262
 0.820000   0.458170   -0.343491
 0.825000   0.456409   -0.360805
 0.830000   0.454560   -0.379206
 0.835000   0.452616   -0.398693
 0.840000   0.450572   -0.418120
 0.845000   0.448442   -0.433256
 0.850000   0.446248   -0.443706
 0.855000   0.444013   -0.449469
 0.860000   0.441761   -0.450546
 0.865000   0.439515   -0.446937
 0.870000   0.437299   -0.438663
 0.875000   0.435117   -0.437045
 0.880000   0.432902   -0.451563
 0.885000   0.430574   -0.482216
 0.890000   0.428053   -0.529005
 0.895000   0.425257   -0.591929
 0.900000   0.422101   -0.678386
 0.905000   0.418334   -0.843473
 0.910000   0.413516   -1.098423
 0.915000   0.407200   -1.443237
 0.920000   0.398936   -1.874993
 0.925000   0.388395   -2.344513
 0.930000   0.375457   -2.833245
 0.935000   0.360301   -3.191518
 0.940000   0.343694   -3.449037
 0.945000   0.325723   -3.761363
 0.950000   0.305848   -4.213956
 0.955000   0.283371   -4.783255
 0.960000   0.258139   -5.273734
 0.965000   0.231043   -5.534697
 0.970000   0.203102   -5.588766
 0.975000   0.176025   -5.123601
 0.980000   0.153169   -3.941367
 0.985000   0.136684   -2.681922
 0.990000   0.125959   -1.658477
 0.995000   0.119592   -0.938980
 1.000000   0.116063   -0.523506
201 psinorm te(KeV) dte/dpsiN
 0.000000   2.150022   -1.224080
 0.005000   2.143901   -1.224354
 0.010000   2.137777   -1.225176
 0.015000   2.131648   -1.226545
 0.020000   2.125511   -1.228461
 0.025000   2.119363   -1.230925
 0.030000   2.113201   -1.233937
 0.035000   2.107023   -1.237497
 0.040000   2.100825   -1.241604
 0.045000   2.094606   -1.246258
 0.050000   2.088362   -1.251460
 0.055000   2.082090   -1.257210
 0.060000   2.075789   -1.263507
 0.065000   2.069454   -1.270352
 0.070000   2.063084   -1.277745
 0.075000   2.056676   -1.285685
 0.080000   2.050226   -1.294173
 0.085000   2.043736   -1.301612
 0.090000   2.037215   -1.306012
 0.095000   2.030681   -1.307367
 0.100000   2.024147   -1.305677
 0.105000   2.017629   -1.300943
 0.110000   2.011142   -1.293163
 0.115000   2.004702   -1.282339
 0.120000   1.998324   -1.268471
 0.125000   1.992023   -1.251557
 0.130000   1.985814   -1.231599
 0.135000   1.979712   -1.208596
 0.140000   1.973733   -1.182548
 0.145000   1.967887   -1.156106
 0.150000   1.962168   -1.131912
 0.155000   1.956564   -1.109964
 0.160000   1.951064   -1.090264
 0.165000   1.945658   -1.072812
 0.170000   1.940333   -1.057606
 0.175000   1.935078   -1.044648
 0.180000   1.929882   -1.033938
 0.185000   1.924735   -1.025475
 0.190000   1.919624   -1.019259
 0.195000   1.914538   -1.015290
 0.200000   1.909467   -1.013569
 0.205000   1.904399   -1.014141
 0.210000   1.899314   -1.021509
 0.215000   1.894168   -1.038658
 0.220000   1.888911   -1.065586
 0.225000   1.883495   -1.102294
 0.230000   1.877872   -1.148781
 0.235000   1.871991   -1.205049
 0.240000   1.865805   -1.271096
 0.245000   1.859264   -1.346924
 0.250000   1.852319   -1.432531
 0.255000   1.844922   -1.527918
 0.260000   1.837024   -1.633085
 0.265000   1.828575   -1.748031
 0.270000   1.819527   -1.872758
 0.275000   1.809833   -2.005651
 0.280000   1.799483   -2.132886
 0.285000   1.788518   -2.251298
 0.290000   1.776984   -2.360886
 0.295000   1.764924   -2.461651
 0.300000   1.752382   -2.553591
 0.305000   1.739403   -2.636707
 0.310000   1.726030   -2.710999
 0.315000   1.712308   -2.776468
 0.320000   1.698280   -2.833112
 0.325000   1.683991   -2.880933
 0.330000   1.669485   -2.919929
 0.335000   1.654807   -2.950102
 0.340000   1.639999   -2.971451
 0.345000   1.625107   -2.983976
 0.350000   1.610170   -2.990656
 0.355000   1.595202   -2.996184
 0.360000   1.580210   -3.000619
 0.365000   1.565198   -3.003960
 0.370000   1.550172   -3.006207
 0.375000   1.535138   -3.007360
 0.380000   1.520100   -3.007420
 0.385000   1.505065   -3.006386
 0.390000   1.490038   -3.004258
 0.395000   1.475024   -3.001036
 0.400000   1.460030   -2.996721
 0.405000   1.445059   -2.991311
 0.410000   1.430118   -2.984808
 0.415000   1.415213   -2.977212
 0.420000   1.400348   -2.968521
 0.425000   1.385529   -2.959949
 0.430000   1.370728   -2.962884
 0.435000   1.355876   -2.980131
 0.440000   1.340902   -3.011689
 0.445000   1.325735   -3.057560
 0.450000   1.310303   -3.117743
 0.455000   1.294534   -3.192237
 0.460000   1.278357   -3.281044
 0.465000   1.261700   -3.384162
 0.470000   1.244495   -3.495891
 0.475000   1.226811   -3.569971
 0.480000   1.208875   -3.596259
 0.485000   1.190928   -3.574756
 0.490000   1.173207   -3.505462
 0.495000   1.155953   -3.388376
 0.500000   1.139403   -3.223499
 0.505000   1.123797   -3.010831
 0.510000   1.109328   -2.784436
 0.515000   1.095865   -2.609402
 0.520000   1.083146   -2.487317
 0.525000   1.070904   -2.418182
 0.530000   1.058876   -2.401996
 0.535000   1.046796   -2.438760
 0.540000   1.034400   -2.528473
 0.545000   1.021423   -2.671136
 0.550000   1.007600   -2.866749
 0.555000   0.992667   -3.113671
 0.560000   0.976516   -3.335814
 0.565000   0.959420   -3.491718
 0.570000   0.941709   -3.581381
 0.575000   0.923716   -3.604804
 0.580000   0.905772   -3.561987
 0.585000   0.888207   -3.452929
 0.590000   0.871353   -3.277632
 0.595000   0.855541   -3.036095
 0.600000   0.841040   -2.768236
 0.605000   0.827817   -2.524900
 0.610000   0.815750   -2.306266
 0.615000   0.804714   -2.112336
 0.620000   0.794585   -1.943109
 0.625000   0.785241   -1.798585
 0.630000   0.776558   -1.678764
 0.635000   0.768412   -1.583647
 0.640000   0.760681   -1.513232
 0.645000   0.753239   -1.467520
 0.650000   0.745966   -1.444332
 0.655000   0.738791   -1.425431
 0.660000   0.731711   -1.406718
 0.665000   0.724724   -1.388192
 0.670000   0.717829   -1.369853
 0.675000   0.711025   -1.351702
 0.680000   0.704312   -1.333738
 0.685000   0.697687   -1.315962
 0.690000   0.691152   -1.298373
 0.695000   0.684703   -1.280821
 0.700000   0.678346   -1.261820
 0.705000   0.672088   -1.240994
 0.710000   0.665939   -1.218340
 0.715000   0.659908   -1.193860
 0.720000   0.654004   -1.167553
 0.725000   0.648235   -1.139420
 0.730000   0.642612   -1.109460
 0.735000   0.637144   -1.077673
 0.740000   0.631839   -1.044060
 0.745000   0.626706   -1.008620
 0.750000   0.621756   -0.971353
 0.755000   0.616993   -0.934407
 0.760000   0.612400   -0.903845
 0.765000   0.607944   -0.880034
 0.770000   0.603589   -0.862974
 0.775000   0.599303   -0.852665
 0.780000   0.595051   -0.849107
 0.785000   0.590800   -0.852301
 0.790000   0.586517   -0.862246
 0.795000   0.582167   -0.878942
 0.800000   0.577716   -0.902389
 0.805000   0.573133   -0.931026
 0.810000   0.568414   -0.955607
 0.815000   0.563586   -0.974613
 0.820000   0.558677   -0.988042
 0.825000   0.553715   -0.995896
 0.830000   0.548727   -0.998174
 0.835000   0.543742   -0.994876
 0.840000   0.538788   -0.986003
 0.845000   0.533892   -0.971554
 0.850000   0.529082   -0.951529
 0.855000   0.524386   -0.925928
 0.860000   0.519832   -0.894751
 0.865000   0.515447   -0.857999
 0.870000   0.511261   -0.815671
 0.875000   0.507283   -0.778783
 0.880000   0.503441   -0.761367
 0.885000   0.499637   -0.763474
 0.890000   0.495773   -0.785105
 0.895000   0.491753   -0.826259
 0.900000   0.487478   -0.886935
 0.905000   0.482851   -0.967135
 0.910000   0.477774   -1.066858
 0.915000   0.472150   -1.186104
 0.920000   0.465881   -1.324873
 0.925000   0.458869   -1.483165
 0.930000   0.451017   -1.660980
 0.935000   0.442219   -1.868674
 0.940000   0.432122   -2.193052
 0.945000   0.420062   -2.653656
 0.950000   0.405358   -3.250487
 0.955000   0.387322   -3.988020
 0.960000   0.365236   -4.870729
 0.965000   0.338373   -5.898613
 0.970000   0.306250   -6.926336
 0.975000   0.269352   -7.808559
 0.980000   0.228407   -8.545281
 0.985000   0.184182   -9.096266
 0.990000   0.138047   -9.296095
 0.995000   0.091836   -9.126887
 1.000000   0.046939   -8.861591
201 psinorm ni(10^20/m^3) dni/dpsiN
 0.000000   0.686729   -0.311441
 0.005000   0.685171   -0.311551
 0.010000   0.683613   -0.311881
 0.015000   0.682052   -0.312431
 0.020000   0.680488   -0.313201
 0.025000   0.678920   -0.314190
 0.030000   0.677346   -0.315399
 0.035000   0.675765   -0.316829
 0.040000   0.674177   -0.318478
 0.045000   0.672580   -0.320347
 0.050000   0.670973   -0.322436
 0.055000   0.669356   -0.324745
 0.060000   0.667726   -0.327274
 0.065000   0.666083   -0.330022
 0.070000   0.664425   -0.332991
 0.075000   0.662752   -0.336179
 0.080000   0.661063   -0.339588
 0.085000   0.659356   -0.343216
 0.090000   0.657630   -0.347064
 0.095000   0.655885   -0.351132
 0.100000   0.654119   -0.355420
 0.105000   0.652330   -0.359928
 0.110000   0.650519   -0.364655
 0.115000   0.648684   -0.369603
 0.120000   0.646823   -0.374770
 0.125000   0.644935   -0.380158
 0.130000   0.643021   -0.385458
 0.135000   0.641082   -0.390364
 0.140000   0.639118   -0.394876
 0.145000   0.637133   -0.398995
 0.150000   0.635129   -0.402719
 0.155000   0.633107   -0.406049
 0.160000   0.631069   -0.408985
 0.165000   0.629018   -0.411527
 0.170000   0.626955   -0.413676
 0.175000   0.624882   -0.415430
 0.180000   0.622801   -0.416790
 0.185000   0.620714   -0.417756
 0.190000   0.618624   -0.418328
 0.195000   0.616532   -0.418506
 0.200000   0.614440   -0.418290
 0.205000   0.612349   -0.417680
 0.210000   0.610263   -0.416676
 0.215000   0.608183   -0.415278
 0.220000   0.606111   -0.413486
 0.225000   0.604049   -0.411300
 0.230000   0.601999   -0.408720
 0.235000   0.599963   -0.405746
 0.240000   0.597942   -0.402377
 0.245000   0.595940   -0.398615
 0.250000   0.593957   -0.394459
 0.255000   0.591995   -0.390367
 0.260000   0.590052   -0.386798
 0.265000   0.588126   -0.383752
 0.270000   0.586214   -0.381228
 0.275000   0.584313   -0.379227
 0.280000   0.582421   -0.377749
 0.285000   0.580534   -0.376794
 0.290000   0.578652   -0.376361
 0.295000   0.576770   -0.376451
 0.300000   0.574886   -0.377064
 0.305000   0.572998   -0.378199
 0.310000   0.571104   -0.379857
 0.315000   0.569199   -0.382038
 0.320000   0.567282   -0.384742
 0.325000   0.565351   -0.387968
 0.330000   0.563402   -0.391717
 0.335000   0.561433   -0.395513
 0.340000   0.559448   -0.398725
 0.345000   0.557447   -0.401350
 0.350000   0.555435   -0.403388
 0.355000   0.553414   -0.404838
 0.360000   0.551388   -0.405702
 0.365000   0.549358   -0.405978
 0.370000   0.547329   -0.405794
 0.375000   0.545301   -0.405389
 0.380000   0.543275   -0.404770
 0.385000   0.541253   -0.403937
 0.390000   0.539236   -0.402891
 0.395000   0.537225   -0.401630
 0.400000   0.535220   -0.400156
 0.405000   0.533224   -0.398131
 0.410000   0.531241   -0.394776
 0.415000   0.529278   -0.390062
 0.420000   0.527343   -0.383989
 0.425000   0.525441   -0.376555
 0.430000   0.523579   -0.367761
 0.435000   0.521766   -0.357608
 0.440000   0.520006   -0.346298
 0.445000   0.518302   -0.335438
 0.450000   0.516650   -0.325370
 0.455000   0.515047   -0.316096
 0.460000   0.513488   -0.307614
 0.465000   0.511969   -0.299924
 0.470000   0.510487   -0.293028
 0.475000   0.509037   -0.286924
 0.480000   0.507616   -0.281613
 0.485000   0.506220   -0.276928
 0.490000   0.504846   -0.272649
 0.495000   0.503493   -0.268776
 0.500000   0.502158   -0.265307
 0.505000   0.500839   -0.262244
 0.510000   0.499535   -0.259586
 0.515000   0.498243   -0.257333
 0.520000   0.496961   -0.255485
 0.525000   0.495687   -0.254042
 0.530000   0.494420   -0.252962
 0.535000   0.493158   -0.251698
 0.540000   0.491903   -0.250080
 0.545000   0.490658   -0.248108
 0.550000   0.489423   -0.245781
 0.555000   0.488201   -0.243099
 0.560000   0.486993   -0.240063
 0.565000   0.485801   -0.236673
 0.570000   0.484626   -0.232928
 0.575000   0.483472   -0.228828
 0.580000   0.482339   -0.224405
 0.585000   0.481227   -0.220336
 0.590000   0.480134   -0.216905
 0.595000   0.479057   -0.214111
 0.600000   0.477992   -0.211954
 0.605000   0.476936   -0.210434
 0.610000   0.475887   -0.209551
 0.615000   0.474840   -0.209305
 0.620000   0.473793   -0.209697
 0.625000   0.472742   -0.210725
 0.630000   0.471684   -0.212390
 0.635000   0.470617   -0.214693
 0.640000   0.469537   -0.217438
 0.645000   0.468442   -0.220440
 0.650000   0.467332   -0.223699
 0.655000   0.466205   -0.227215
 0.660000   0.465059   -0.230988
 0.665000   0.463894   -0.235017
 0.670000   0.462709   -0.239303
 0.675000   0.461501   -0.243847
 0.680000   0.460270   -0.248647
 0.685000   0.459014   -0.253704
 0.690000   0.457732   -0.258857
 0.695000   0.456428   -0.262855
 0.700000   0.455106   -0.265431
 0.705000   0.453776   -0.266584
 0.710000   0.452443   -0.266314
 0.715000   0.451115   -0.264622
 0.720000   0.449799   -0.261507
 0.725000   0.448502   -0.256970
 0.730000   0.447232   -0.251010
 0.735000   0.445994   -0.243628
 0.740000   0.444797   -0.235406
 0.745000   0.443638   -0.228638
 0.750000   0.442508   -0.223555
 0.755000   0.441399   -0.220157
 0.760000   0.440304   -0.218445
 0.765000   0.439212   -0.218419
 0.770000   0.438117   -0.220079
 0.775000   0.437008   -0.223424
 0.780000   0.435879   -0.228455
 0.785000   0.434721   -0.235171
 0.790000   0.433525   -0.243574
 0.795000   0.432283   -0.253539
 0.800000   0.430988   -0.264567
 0.805000   0.429635   -0.276603
 0.810000   0.428220   -0.289647
 0.815000   0.426737   -0.303699
 0.820000   0.425181   -0.318759
 0.825000   0.423548   -0.334827
 0.830000   0.421831   -0.351903
 0.835000   0.420027   -0.369987
 0.840000   0.418131   -0.388015
 0.845000   0.416154   -0.402062
 0.850000   0.414118   -0.411759
 0.855000   0.412044   -0.417107
 0.860000   0.409954   -0.418107
 0.865000   0.407870   -0.414757
 0.870000   0.405814   -0.407079
 0.875000   0.403788   -0.405578
 0.880000   0.401733   -0.419050
 0.885000   0.399573   -0.447497
 0.890000   0.397233   -0.490916
 0.895000   0.394639   -0.549310
 0.900000   0.391710   -0.629542
 0.905000   0.388214   -0.782743
 0.910000   0.383743   -1.019337
 0.915000   0.377881   -1.339324
 0.920000   0.370212   -1.739994
 0.925000   0.360431   -2.175708
 0.930000   0.348424   -2.629251
 0.935000   0.334359   -2.961729
 0.940000   0.318948   -3.200706
 0.945000   0.302271   -3.490545
 0.950000   0.283827   -3.910551
 0.955000   0.262969   -4.438860
 0.960000   0.239553   -4.894026
 0.965000   0.214407   -5.136198
 0.970000   0.188479   -5.186375
 0.975000   0.163351   -4.754702
 0.980000   0.142141   -3.657588
 0.985000   0.126843   -2.488824
 0.990000   0.116890   -1.539066
 0.995000   0.110982   -0.871374
 1.000000   0.107706   -0.485813
201 psinorm ti(KeV) dti/dpsiN
 0.000000   1.342889   -0.836186
 0.005000   1.338711   -0.834828
 0.010000   1.334539   -0.834096
 0.015000   1.330369   -0.833990
 0.020000   1.326198   -0.834511
 0.025000   1.322023   -0.835658
 0.030000   1.317841   -0.837398
 0.035000   1.313649   -0.839548
 0.040000   1.309445   -0.842079
 0.045000   1.305227   -0.844991
 0.050000   1.300994   -0.848284
 0.055000   1.296744   -0.851968
 0.060000   1.292473   -0.856419
 0.065000   1.288178   -0.861830
 0.070000   1.283853   -0.868233
 0.075000   1.279493   -0.876003
 0.080000   1.275091   -0.885242
 0.085000   1.270638   -0.895950
 0.090000   1.266129   -0.908126
 0.095000   1.261555   -0.921770
 0.100000   1.256910   -0.936406
 0.105000   1.252190   -0.951640
 0.110000   1.247392   -0.967474
 0.115000   1.242514   -0.983906
 0.120000   1.237552   -1.000937
 0.125000   1.232504   -1.018566
 0.130000   1.227366   -1.036596
 0.135000   1.222138   -1.054407
 0.140000   1.216822   -1.071952
 0.145000   1.211419   -1.089232
 0.150000   1.205930   -1.106246
 0.155000   1.200357   -1.122991
 0.160000   1.194701   -1.139427
 0.165000   1.188963   -1.155545
 0.170000   1.183146   -1.171226
 0.175000   1.177253   -1.185885
 0.180000   1.171289   -1.199445
 0.185000   1.165260   -1.211903
 0.190000   1.159172   -1.223262
 0.195000   1.153029   -1.233512
 0.200000   1.146839   -1.242537
 0.205000   1.140606   -1.250297
 0.210000   1.134338   -1.256718
 0.215000   1.128042   -1.261246
 0.220000   1.121729   -1.263766
 0.225000   1.115408   -1.264278
 0.230000   1.109089   -1.262782
 0.235000   1.102783   -1.259305
 0.240000   1.096498   -1.254490
 0.245000   1.090240   -1.248609
 0.250000   1.084014   -1.241583
 0.255000   1.077828   -1.232564
 0.260000   1.071692   -1.221313
 0.265000   1.065618   -1.207831
 0.270000   1.059618   -1.192119
 0.275000   1.053701   -1.174203
 0.280000   1.047878   -1.154868
 0.285000   1.042154   -1.134477
 0.290000   1.036535   -1.113053
 0.295000   1.031025   -1.090942
 0.300000   1.025626   -1.068257
 0.305000   1.020343   -1.044998
 0.310000   1.015177   -1.021165
 0.315000   1.010132   -0.996791
 0.320000   1.005209   -0.972710
 0.325000   1.000404   -0.949285
 0.330000   0.995715   -0.926516
 0.335000   0.991138   -0.904404
 0.340000   0.986670   -0.882948
 0.345000   0.982307   -0.862148
 0.350000   0.978047   -0.842004
 0.355000   0.973886   -0.822516
 0.360000   0.969821   -0.803684
 0.365000   0.965848   -0.785509
 0.370000   0.961965   -0.767990
 0.375000   0.958167   -0.751593
 0.380000   0.954446   -0.737102
 0.385000   0.950792   -0.724530
 0.390000   0.947197   -0.713876
 0.395000   0.943650   -0.705141
 0.400000   0.940142   -0.698324
 0.405000   0.936664   -0.693426
 0.410000   0.933205   -0.690447
 0.415000   0.929756   -0.689481
 0.420000   0.926307   -0.690617
 0.425000   0.922846   -0.693855
 0.430000   0.919365   -0.699195
 0.435000   0.915851   -0.706637
 0.440000   0.912295   -0.716181
 0.445000   0.908686   -0.727827
 0.450000   0.905013   -0.741576
 0.455000   0.901266   -0.757427
 0.460000   0.897435   -0.775379
 0.465000   0.893509   -0.795434
 0.470000   0.889477   -0.817591
 0.475000   0.885330   -0.841850
 0.480000   0.881055   -0.868211
 0.485000   0.876644   -0.896674
 0.490000   0.872086   -0.926683
 0.495000   0.867379   -0.955523
 0.500000   0.862533   -0.982832
 0.505000   0.857554   -1.008609
 0.510000   0.852449   -1.032856
 0.515000   0.847228   -1.055571
 0.520000   0.841896   -1.076755
 0.525000   0.836463   -1.096407
 0.530000   0.830935   -1.114102
 0.535000   0.825326   -1.129341
 0.540000   0.819646   -1.142122
 0.545000   0.813909   -1.152447
 0.550000   0.808126   -1.160314
 0.555000   0.802310   -1.165724
 0.560000   0.796473   -1.168676
 0.565000   0.790627   -1.169172
 0.570000   0.784785   -1.167210
 0.575000   0.778959   -1.162792
 0.580000   0.773161   -1.155961
 0.585000   0.767401   -1.147736
 0.590000   0.761685   -1.138534
 0.595000   0.756018   -1.128355
 0.600000   0.750403   -1.117200
 0.605000   0.744847   -1.105069
 0.610000   0.739354   -1.091961
 0.615000   0.733929   -1.077876
 0.620000   0.728576   -1.063400
 0.625000   0.723295   -1.049268
 0.630000   0.718083   -1.035482
 0.635000   0.712939   -1.022042
 0.640000   0.707862   -1.008949
 0.645000   0.702849   -0.996202
 0.650000   0.697900   -0.983802
 0.655000   0.693011   -0.971748
 0.660000   0.688181   -0.960040
 0.665000   0.683410   -0.948679
 0.670000   0.678694   -0.937664
 0.675000   0.674033   -0.926996
 0.680000   0.669424   -0.916674
 0.685000   0.664865   -0.906698
 0.690000   0.660356   -0.897139
 0.695000   0.655893   -0.888160
 0.700000   0.651473   -0.879766
 0.705000   0.647094   -0.871959
 0.710000   0.642753   -0.864738
 0.715000   0.638446   -0.858102
 0.720000   0.634171   -0.852053
 0.725000   0.629924   -0.846590
 0.730000   0.625704   -0.841713
 0.735000   0.621506   -0.837422
 0.740000   0.617329   -0.833717
 0.745000   0.613168   -0.830598
 0.750000   0.609022   -0.827896
 0.755000   0.604889   -0.825442
 0.760000   0.600767   -0.823236
 0.765000   0.596656   -0.821278
 0.770000   0.592554   -0.819569
 0.775000   0.588460   -0.818107
 0.780000   0.584373   -0.816894
 0.785000   0.580291   -0.815929
 0.790000   0.576213   -0.815212
 0.795000   0.572138   -0.814742
 0.800000   0.568065   -0.814521
 0.805000   0.563993   -0.814428
 0.810000   0.559921   -0.814343
 0.815000   0.555849   -0.814264
 0.820000   0.551778   -0.814193
 0.825000   0.547707   -0.814130
 0.830000   0.543637   -0.814074
 0.835000   0.539566   -0.814026
 0.840000   0.535496   -0.813985
 0.845000   0.531427   -0.813951
 0.850000   0.527357   -0.813925
 0.855000   0.523287   -0.813906
 0.860000   0.519218   -0.813895
 0.865000   0.515148   -0.813891
 0.870000   0.511261   -0.815671
 0.875000   0.507283   -0.778783
 0.880000   0.503441   -0.761367
 0.885000   0.499637   -0.763474
 0.890000   0.495773   -0.785105
 0.895000   0.491753   -0.826259
 0.900000   0.487478   -0.886935
 0.905000   0.482851   -0.967135
 0.910000   0.477774   -1.066858
 0.915000   0.472150   -1.186104
 0.920000   0.465881   -1.324873
 0.925000   0.458869   -1.483165
 0.930000   0.451017   -1.660980
 0.935000   0.442219   -1.868674
 0.940000   0.432122   -2.193052
 0.945000   0.420062   -2.653656
 0.950000   0.405358   -3.250487
 0.955000   0.387322   -3.988020
 0.960000   0.365236   -4.870729
 0.965000   0.338373   -5.898613
 0.970000   0.306250   -6.926336
 0.975000   0.269352   -7.808559
 0.980000   0.228407   -8.545281
 0.985000   0.184182   -9.096266
 0.990000   0.138047   -9.296095
 0.995000   0.091836   -9.126887
 1.000000   0.046939   -8.861591
201 psinorm nC(10^20/m^3) dnC/dpsiN
 0.000000   0.008880   -0.004027
 0.005000   0.008860   -0.004029
 0.010000   0.008840   -0.004033
 0.015000   0.008820   -0.004040
 0.020000   0.008799   -0.004050
 0.025000   0.008779   -0.004063
 0.030000   0.008759   -0.004078
 0.035000   0.008738   -0.004097
 0.040000   0.008718   -0.004118
 0.045000   0.008697   -0.004142
 0.050000   0.008676   -0.004169
 0.055000   0.008655   -0.004199
 0.060000   0.008634   -0.004232
 0.065000   0.008613   -0.004268
 0.070000   0.008592   -0.004306
 0.075000   0.008570   -0.004347
 0.080000   0.008548   -0.004391
 0.085000   0.008526   -0.004438
 0.090000   0.008504   -0.004488
 0.095000   0.008481   -0.004540
 0.100000   0.008458   -0.004596
 0.105000   0.008435   -0.004654
 0.110000   0.008412   -0.004715
 0.115000   0.008388   -0.004779
 0.120000   0.008364   -0.004846
 0.125000   0.008340   -0.004916
 0.130000   0.008315   -0.004984
 0.135000   0.008290   -0.005048
 0.140000   0.008264   -0.005106
 0.145000   0.008239   -0.005159
 0.150000   0.008213   -0.005208
 0.155000   0.008187   -0.005251
 0.160000   0.008160   -0.005289
 0.165000   0.008134   -0.005321
 0.170000   0.008107   -0.005349
 0.175000   0.008080   -0.005372
 0.180000   0.008053   -0.005390
 0.185000   0.008026   -0.005402
 0.190000   0.007999   -0.005409
 0.195000   0.007972   -0.005412
 0.200000   0.007945   -0.005409
 0.205000   0.007918   -0.005401
 0.210000   0.007891   -0.005388
 0.215000   0.007864   -0.005370
 0.220000   0.007838   -0.005347
 0.225000   0.007811   -0.005319
 0.230000   0.007784   -0.005285
 0.235000   0.007758   -0.005247
 0.240000   0.007732   -0.005203
 0.245000   0.007706   -0.005155
 0.250000   0.007680   -0.005101
 0.255000   0.007655   -0.005048
 0.260000   0.007630   -0.005002
 0.265000   0.007605   -0.004962
 0.270000   0.007580   -0.004930
 0.275000   0.007556   -0.004904
 0.280000   0.007531   -0.004885
 0.285000   0.007507   -0.004872
 0.290000   0.007483   -0.004867
 0.295000   0.007458   -0.004868
 0.300000   0.007434   -0.004876
 0.305000   0.007409   -0.004891
 0.310000   0.007385   -0.004912
 0.315000   0.007360   -0.004940
 0.320000   0.007336   -0.004975
 0.325000   0.007311   -0.005017
 0.330000   0.007285   -0.005065
 0.335000   0.007260   -0.005114
 0.340000   0.007234   -0.005156
 0.345000   0.007208   -0.005190
 0.350000   0.007182   -0.005216
 0.355000   0.007156   -0.005235
 0.360000   0.007130   -0.005246
 0.365000   0.007104   -0.005250
 0.370000   0.007078   -0.005247
 0.375000   0.007051   -0.005242
 0.380000   0.007025   -0.005234
 0.385000   0.006999   -0.005223
 0.390000   0.006973   -0.005210
 0.395000   0.006947   -0.005193
 0.400000   0.006921   -0.005174
 0.405000   0.006895   -0.005148
 0.410000   0.006869   -0.005105
 0.415000   0.006844   -0.005044
 0.420000   0.006819   -0.004965
 0.425000   0.006794   -0.004869
 0.430000   0.006770   -0.004756
 0.435000   0.006747   -0.004624
 0.440000   0.006724   -0.004478
 0.445000   0.006702   -0.004338
 0.450000   0.006681   -0.004207
 0.455000   0.006660   -0.004087
 0.460000   0.006640   -0.003978
 0.465000   0.006620   -0.003878
 0.470000   0.006601   -0.003789
 0.475000   0.006582   -0.003710
 0.480000   0.006564   -0.003642
 0.485000   0.006546   -0.003581
 0.490000   0.006528   -0.003526
 0.495000   0.006511   -0.003476
 0.500000   0.006493   -0.003431
 0.505000   0.006476   -0.003391
 0.510000   0.006460   -0.003357
 0.515000   0.006443   -0.003328
 0.520000   0.006426   -0.003304
 0.525000   0.006410   -0.003285
 0.530000   0.006393   -0.003271
 0.535000   0.006377   -0.003255
 0.540000   0.006361   -0.003234
 0.545000   0.006345   -0.003208
 0.550000   0.006329   -0.003178
 0.555000   0.006313   -0.003144
 0.560000   0.006297   -0.003104
 0.565000   0.006282   -0.003060
 0.570000   0.006267   -0.003012
 0.575000   0.006252   -0.002959
 0.580000   0.006237   -0.002902
 0.585000   0.006223   -0.002849
 0.590000   0.006209   -0.002805
 0.595000   0.006195   -0.002769
 0.600000   0.006181   -0.002741
 0.605000   0.006167   -0.002721
 0.610000   0.006154   -0.002710
 0.615000   0.006140   -0.002707
 0.620000   0.006127   -0.002712
 0.625000   0.006113   -0.002725
 0.630000   0.006099   -0.002746
 0.635000   0.006086   -0.002776
 0.640000   0.006072   -0.002812
 0.645000   0.006057   -0.002851
 0.650000   0.006043   -0.002893
 0.655000   0.006029   -0.002938
 0.660000   0.006014   -0.002987
 0.665000   0.005999   -0.003039
 0.670000   0.005983   -0.003094
 0.675000   0.005968   -0.003153
 0.680000   0.005952   -0.003215
 0.685000   0.005936   -0.003281
 0.690000   0.005919   -0.003347
 0.695000   0.005902   -0.003399
 0.700000   0.005885   -0.003432
 0.705000   0.005868   -0.003447
 0.710000   0.005851   -0.003444
 0.715000   0.005833   -0.003422
 0.720000   0.005816   -0.003382
 0.725000   0.005800   -0.003323
 0.730000   0.005783   -0.003246
 0.735000   0.005767   -0.003150
 0.740000   0.005752   -0.003044
 0.745000   0.005737   -0.002957
 0.750000   0.005722   -0.002891
 0.755000   0.005708   -0.002847
 0.760000   0.005694   -0.002825
 0.765000   0.005679   -0.002824
 0.770000   0.005665   -0.002846
 0.775000   0.005651   -0.002889
 0.780000   0.005636   -0.002954
 0.785000   0.005621   -0.003041
 0.790000   0.005606   -0.003150
 0.795000   0.005590   -0.003279
 0.800000   0.005573   -0.003421
 0.805000   0.005556   -0.003577
 0.810000   0.005537   -0.003745
 0.815000   0.005518   -0.003927
 0.820000   0.005498   -0.004122
 0.825000   0.005477   -0.004330
 0.830000   0.005455   -0.004550
 0.835000   0.005431   -0.004784
 0.840000   0.005407   -0.005017
 0.845000   0.005381   -0.005199
 0.850000   0.005355   -0.005324
 0.855000   0.005328   -0.005394
 0.860000   0.005301   -0.005407
 0.865000   0.005274   -0.005363
 0.870000   0.005248   -0.005264
 0.875000   0.005221   -0.005245
 0.880000   0.005195   -0.005419
 0.885000   0.005167   -0.005787
 0.890000   0.005137   -0.006348
 0.895000   0.005103   -0.007103
 0.900000   0.005065   -0.008141
 0.905000   0.005020   -0.010122
 0.910000   0.004962   -0.013181
 0.915000   0.004886   -0.017319
 0.920000   0.004787   -0.022500
 0.925000   0.004661   -0.028134
 0.930000   0.004505   -0.033999
 0.935000   0.004324   -0.038298
 0.940000   0.004124   -0.041388
 0.945000   0.003909   -0.045136
 0.950000   0.003670   -0.050567
 0.955000   0.003400   -0.057399
 0.960000   0.003098   -0.063285
 0.965000   0.002773   -0.066416
 0.970000   0.002437   -0.067065
 0.975000   0.002112   -0.061483
 0.980000   0.001838   -0.047296
 0.985000   0.001640   -0.032183
 0.990000   0.001512   -0.019902
 0.995000   0.001435   -0.011268
 1.000000   0.001393   -0.006282
201 psinorm ptot(KPa) dptot/dpsiN
 0.000000   40.468589   -42.117769
 0.005000   40.257998   -42.119074
 0.010000   40.047392   -42.124298
 0.015000   39.836744   -42.135994
 0.020000   39.626017   -42.156538
 0.025000   39.415161   -42.188041
 0.030000   39.204115   -42.232275
 0.035000   38.992814   -42.290619
 0.040000   38.781184   -42.364026
 0.045000   38.569148   -42.452996
 0.050000   38.356628   -42.557552
 0.055000   38.143547   -42.677239
 0.060000   37.929832   -42.811114
 0.065000   37.715415   -42.957755
 0.070000   37.500236   -43.115280
 0.075000   37.284248   -43.281386
 0.080000   37.067413   -43.453400
 0.085000   36.849709   -43.628371
 0.090000   36.631129   -43.803176
 0.095000   36.411683   -43.974645
 0.100000   36.191394   -44.139680
 0.105000   35.970302   -44.295355
 0.110000   35.748460   -44.439014
 0.115000   35.525935   -44.568356
 0.120000   35.302803   -44.681505
 0.125000   35.079149   -44.777083
 0.130000   34.855063   -44.854270
 0.135000   34.630638   -44.912867
 0.140000   34.405965   -44.953327
 0.145000   34.181133   -44.976746
 0.150000   33.956223   -44.984800
 0.155000   33.731307   -44.979676
 0.160000   33.506444   -44.964005
 0.165000   33.281679   -44.940817
 0.170000   33.057043   -44.913509
 0.175000   32.832545   -44.885816
 0.180000   32.608178   -44.861789
 0.185000   32.383914   -44.845760
 0.190000   32.159700   -44.842292
 0.195000   31.935462   -44.856116
 0.200000   31.711102   -44.892029
 0.205000   31.486497   -44.954771
 0.210000   31.261502   -45.048856
 0.215000   31.035949   -45.178371
 0.220000   30.809653   -45.346778
 0.225000   30.582412   -45.556746
 0.230000   30.354014   -45.810003
 0.235000   30.124239   -46.107226
 0.240000   29.892869   -46.447937
 0.245000   29.659690   -46.830431
 0.250000   29.424500   -47.251717
 0.255000   29.187115   -47.707504
 0.260000   28.947377   -48.192210
 0.265000   28.705156   -48.699034
 0.270000   28.460363   -49.220113
 0.275000   28.212946   -49.746760
 0.280000   27.962901   -50.269819
 0.285000   27.710269   -50.780061
 0.290000   27.455137   -51.268564
 0.295000   27.197634   -51.726992
 0.300000   26.937929   -52.147811
 0.305000   26.676229   -52.524438
 0.310000   26.412768   -52.851345
 0.315000   26.147806   -53.124119
 0.320000   25.881622   -53.339500
 0.325000   25.614510   -53.495380
 0.330000   25.346769   -53.590805
 0.335000   25.078702   -53.625959
 0.340000   24.810608   -53.602155
 0.345000   24.542775   -53.521785
 0.350000   24.275479   -53.388217
 0.355000   24.008975   -53.205633
 0.360000   23.743496   -52.978844
 0.365000   23.479251   -52.713109
 0.370000   23.216421   -52.413979
 0.375000   22.955158   -52.087154
 0.380000   22.695586   -51.738352
 0.385000   22.437801   -51.373202
 0.390000   22.181872   -50.997165
 0.395000   21.927839   -50.615472
 0.400000   21.675718   -50.233078
 0.405000   21.425502   -49.854620
 0.410000   21.177158   -49.484381
 0.415000   20.930638   -49.126216
 0.420000   20.685871   -48.783437
 0.425000   20.442773   -48.458616
 0.430000   20.201252   -48.153326
 0.435000   19.961207   -47.867854
 0.440000   19.722542   -47.600955
 0.445000   19.485172   -47.349713
 0.450000   19.249027   -47.109528
 0.455000   19.014068   -46.874284
 0.460000   18.780288   -46.636721
 0.465000   18.547718   -46.389034
 0.470000   18.316427   -46.123682
 0.475000   18.086521   -45.834427
 0.480000   17.858129   -45.517456
 0.485000   17.631393   -45.172248
 0.490000   17.406448   -44.802034
 0.495000   17.183403   -44.413809
 0.500000   16.962323   -44.017893
 0.505000   16.743216   -43.627022
 0.510000   16.526021   -43.254937
 0.515000   16.310613   -42.914520
 0.520000   16.096807   -42.615868
 0.525000   15.884375   -42.364759
 0.530000   15.673079   -42.161656
 0.535000   15.462688   -42.001225
 0.540000   15.253014   -41.872362
 0.545000   15.043939   -41.758694
 0.550000   14.835436   -41.639575
 0.555000   14.627591   -41.491564
 0.560000   14.420609   -41.290439
 0.565000   14.214813   -41.013572
 0.570000   14.010631   -40.642158
 0.575000   13.808571   -40.162851
 0.580000   13.609194   -39.568772
 0.585000   13.413075   -38.859942
 0.590000   13.220774   -38.043124
 0.595000   13.032802   -37.131139
 0.600000   12.849592   -36.141645
 0.605000   12.671480   -35.095454
 0.610000   12.498695   -34.014719
 0.615000   12.331354   -32.921401
 0.620000   12.169468   -31.836052
 0.625000   12.012950   -30.776898
 0.630000   11.861630   -29.759197
 0.635000   11.715269   -28.794851
 0.640000   11.573578   -27.892251
 0.645000   11.436235   -27.056334
 0.650000   11.302901   -26.288838
 0.655000   11.173235   -25.588740
 0.660000   11.046907   -24.952808
 0.665000   10.923608   -24.376164
 0.670000   10.803056   -23.852777
 0.675000   10.685002   -23.375897
 0.680000   10.569232   -22.938432
 0.685000   10.455564   -22.533282
 0.690000   10.343856   -22.153632
 0.695000   10.233996   -21.793219
 0.700000   10.125901   -21.446563
 0.705000   10.019515   -21.109153
 0.710000   9.914800   -20.777570
 0.715000   9.811733   -20.449545
 0.720000   9.710300   -20.123959
 0.725000   9.610490   -19.800799
 0.730000   9.512287   -19.481048
 0.735000   9.415670   -19.166543
 0.740000   9.320608   -18.859773
 0.745000   9.227055   -18.563632
 0.750000   9.134949   -18.281149
 0.755000   9.044216   -18.015217
 0.760000   8.954765   -17.768354
 0.765000   8.866497   -17.542499
 0.770000   8.779303   -17.338886
 0.775000   8.693071   -17.158004
 0.780000   8.607686   -16.999637
 0.785000   8.523038   -16.862987
 0.790000   8.439022   -16.746872
 0.795000   8.355537   -16.650001
 0.800000   8.272491   -16.571332
 0.805000   8.189794   -16.510491
 0.810000   8.107355   -16.468262
 0.815000   8.025076   -16.447098
 0.820000   7.942842   -16.451604
 0.825000   7.860506   -16.488958
 0.830000   7.777880   -16.569263
 0.835000   7.694719   -16.705812
 0.840000   7.610701   -16.915270
 0.845000   7.525412   -17.217744
 0.850000   7.438329   -17.636678
 0.855000   7.348807   -18.198510
 0.860000   7.256058   -18.932025
 0.865000   7.159150   -19.867387
 0.870000   7.056997   -21.034809
 0.875000   6.948368   -22.462683
 0.880000   6.831896   -24.175420
 0.885000   6.706109   -26.191179
 0.890000   6.569463   -28.519586
 0.895000   6.420393   -31.159698
 0.900000   6.257369   -34.098208
 0.905000   6.078959   -37.307864
 0.910000   5.883908   -40.746438
 0.915000   5.671208   -44.356865
 0.920000   5.440170   -48.068935
 0.925000   5.190483   -51.802471
 0.930000   4.922253   -55.471745
 0.935000   4.636017   -58.990472
 0.940000   4.332736   -62.276452
 0.945000   4.013765   -65.254689
 0.950000   3.680811   -67.859858
 0.955000   3.335874   -70.040481
 0.960000   2.981165   -71.765514
 0.965000   2.618983   -73.031832
 0.970000   2.251562   -73.869385
 0.975000   1.880899   -74.341567
 0.980000   1.508604   -74.539043
 0.985000   1.135793   -74.565348
 0.990000   0.763074   -74.517283
 0.995000   0.390625   -74.466826
 1.000000   0.018353   -74.447956
2 N Z A of ION SPECIES
 1.000000   1.000000   2.014000
 6.000000   6.000000   12.011000
